NA NA NA NA NA NA NA NA NA NA NA NA NA NA NA NA NA NA NA NA NA NA NA 146 NA 146 146 NA NA NA NA NA NA NA 146 146 NA NA NA NA NA NA NA NA NA NA NA NA NA NA NA NA NA NA NA NA NA NA NA NA NA NA NA NA NA NA NA NA NA NA NA NA NA NA NA NA NA NA NA NA NA NA NA NA NA NA NA NA NA NA NA NA NA NA NA NA NA NA NA NA NA NA NA NA NA NA NA NA NA NA NA NA NA NA NA NA NA NA NA NA NA NA NA NA NA 
NA NA NA NA NA NA NA NA NA NA NA NA NA NA NA NA NA NA NA NA NA 146 146 146 146 146 146 146 146 NA NA 146.3333 146.25 146.4375 146.5625 146.5625 146.8182 146.9231 146.75 146.8182 146.6154 146.6364 NA NA NA NA NA NA NA NA NA NA NA NA NA NA NA NA NA NA NA NA NA NA NA NA NA NA NA NA NA NA NA NA NA NA NA NA NA NA NA NA NA NA NA NA NA NA NA NA NA NA NA NA NA NA NA NA NA NA NA NA NA NA NA NA NA NA NA NA NA NA NA NA NA NA NA NA NA NA NA NA NA NA NA 
NA NA NA NA NA NA NA NA NA NA NA NA NA NA NA NA NA NA NA NA 146 146 146 146 146.1875 146.3125 146.5625 146.75 146.875 147 147 147 147 147 147 147 147 147 147 147 147 147 147 147 NA NA NA NA NA NA NA NA NA NA NA NA NA NA NA NA NA NA NA NA NA NA NA NA NA NA NA NA NA NA NA NA NA NA NA NA NA NA NA NA NA NA NA NA NA NA NA NA NA NA NA NA NA NA NA NA NA NA NA NA NA NA NA NA NA NA NA NA NA NA NA NA NA NA NA NA NA NA NA NA NA 
NA NA NA NA NA NA NA NA NA NA NA NA NA NA NA NA NA NA NA 146 146 146 146.3125 147 147 147 147 147 147 147 147 147 147 147 147 147 147 147 147 147 147 147 147 147 147 NA NA NA NA NA NA NA NA NA NA NA NA NA NA NA NA NA NA NA NA NA NA NA NA NA NA NA NA NA NA NA NA NA NA NA NA NA NA NA NA NA NA NA NA NA NA NA NA NA NA NA NA NA NA NA NA NA NA NA NA NA NA NA NA NA NA NA NA NA NA NA NA NA NA NA NA NA NA NA NA 
NA NA NA NA NA NA NA NA NA NA NA NA NA NA NA NA 146 146 146 146.0625 146.4375 146.875 147 147 147 147 147 147 147 147.1875 147.3125 147.5 147.5 147.4375 147.75 147.75 147.8125 147.75 147.75 147.8125 147.75 147.75 147.75 147.75 147.5625 147.5455 NA NA NA NA NA NA NA NA NA NA NA NA NA NA NA NA NA NA NA NA NA NA NA NA NA NA NA NA NA NA NA NA NA NA NA NA NA NA NA NA NA NA NA NA NA NA NA NA NA NA NA NA NA NA NA NA NA NA NA NA NA NA NA NA NA NA NA NA NA NA NA NA NA NA NA NA NA NA NA 
NA NA NA NA NA NA NA NA 145.9375 146 NA NA NA NA 146 146 146 146.0625 146.625 146.9375 147 147 147 147 147 147.125 147.4375 147.6875 148 148 148 148 148 148 148 148 148 148 148 148 148 148 148 148 148 148 NA NA NA NA NA NA NA NA NA NA NA NA NA NA NA NA NA NA NA NA NA NA NA NA NA NA NA NA NA NA NA NA NA NA NA NA NA NA NA NA NA NA NA NA NA NA NA NA NA NA NA NA NA NA NA NA NA NA NA NA NA NA NA NA NA NA NA NA NA NA NA NA NA NA NA NA NA NA NA 
NA NA NA NA NA NA NA NA 146 146 146 146 146 146 146 146.25 146.6875 147 147 147 147 147 147 147.25 147.8125 148 148 148 148 148 148 148 148 148 148 148 148 148.0625 148.25 148.25 148.25 148.25 148.25 148.25 148.25 148 148 NA NA NA NA NA NA NA NA NA NA NA NA NA NA NA NA NA NA NA NA NA NA NA NA NA NA NA NA NA NA NA NA NA NA NA NA NA NA NA NA NA NA NA NA NA NA NA NA NA NA NA NA NA NA NA NA NA NA NA NA NA NA NA NA NA NA NA NA NA NA NA NA NA NA NA NA NA NA 
NA NA NA NA NA 145.625 146 146 146 146 146 146 146 146.125 146.625 147 147 147 147 147 147 147.0625 147.5 148 148 148 148 148 148 148.0625 148.1875 148.375 148.625 148.75 148.75 148.8125 148.6875 149 149 149 149 149 149 149 149 149 149 148.9375 149 149 NA NA NA NA NA NA NA NA NA NA NA NA NA NA NA NA NA NA NA NA NA NA NA NA NA NA NA NA NA NA NA NA NA NA NA NA NA NA NA NA NA NA NA NA NA NA NA NA NA NA NA NA NA NA NA NA NA NA NA NA NA NA NA NA NA NA NA NA NA NA NA NA NA NA NA 
NA 145 145 145 145.3125 146 146 146 146 146 146 146 146.0625 146.9375 147 147 147 147 147 147.0625 147.625 148 148 148 148 148 148 148.3125 148.375 148.9375 149 149 149 149 149 149 149 149 149 149 149 149 149 149 149 149 149 149 149 149 149 NA NA NA NA NA NA NA NA NA NA NA NA NA NA NA NA NA NA NA NA NA NA NA NA NA NA NA NA NA NA NA NA NA NA NA NA NA NA NA NA NA NA NA NA NA NA NA NA NA NA NA NA NA NA NA NA NA NA NA NA NA NA NA NA NA NA NA NA NA NA NA NA NA NA 
NA 145 145 145.125 145.9375 146 146 146 146 146 146.0625 146 146.8125 147 147 147 147 147 147.5 147.9375 148 148 148 148 148 148.5 148.875 149 149 149 149 149 149 149 149 149 149.0625 149.4375 149.5 149.5 149.5 149.5 149.5625 149.75 149.75 149.75 149.5625 149.5 149.8125 149.75 149.75 149.5625 149.5714 NA NA NA NA NA NA NA NA NA NA NA NA NA NA NA NA NA NA NA NA NA NA NA NA NA NA NA NA NA NA NA NA NA NA NA NA NA NA NA NA NA NA NA NA NA NA NA NA NA NA NA NA NA NA NA NA NA NA NA NA NA NA NA NA NA NA NA NA NA NA NA NA 
NA 145 145 145.625 146 146 146 146 146 146.625 146.5625 146.75 147 147 147 147 147.0625 147.8125 148 148 148 148 148 148.0625 148.5 148.75 148.75 149 149 149 149 149 149.0625 149.25 149.5 149.625 149.75 149.75 149.75 149.8125 149.75 149.8125 150 150 150 150 150 150 150 150 150 149.9375 149.75 149.75 149.6364 NA NA NA NA NA NA NA NA NA NA NA NA NA NA NA NA NA NA NA NA NA NA NA NA NA NA NA NA NA NA NA NA NA NA NA NA NA NA NA NA NA NA NA NA NA NA NA NA NA NA NA NA NA NA NA NA NA NA NA NA NA NA NA NA NA NA NA NA NA NA 
NA 145 145.25 145.9375 146 146 146 146 146.375 147 147 147 147 147 147 147.0625 147.8125 148 148 148 148 148 148 148 148 148.375 148.875 149 149 149 149 149 149 149 149 149.375 149.5625 150 150 150 150 150 150 150 150 150 150 150 150 150 150 150 150 150 149.75 NA NA NA NA NA NA NA NA NA NA NA NA NA NA NA NA NA NA NA NA NA NA NA NA NA NA NA NA NA NA NA NA NA NA NA NA NA NA NA NA NA NA NA NA NA NA NA NA NA NA NA NA NA NA NA NA NA NA NA NA NA NA NA NA NA NA NA NA NA NA 
NA NA 145.7857 146 146 146 146 146.0625 146.875 147 147 147 147 147 147 147.5625 148 148 148 148 148.0625 148.625 148.875 148.0625 148.8125 149 149 149 149 149 149.0625 149.25 149.625 149.875 150 150 150 150 150 150 150 150 150 150 150 150 150 150 150 150 150 150 150 150 150 150 NA NA NA 150 NA NA NA NA NA NA NA NA NA NA NA NA NA NA NA NA NA NA NA NA NA NA NA NA NA NA NA NA NA NA NA NA NA NA NA NA NA NA NA NA NA NA NA NA NA NA NA NA NA NA NA NA NA NA NA NA NA NA NA NA NA NA NA NA NA 
NA NA 146 146 146 146 146 146.5625 147 147 147 147 147 147 147.4375 147.875 148 148 148 148.1875 148.875 149 149 148.8125 149 149 149 149 149.25 149.5 149.9375 150 150 150 150 150 150 150.0625 150.0625 150.25 150.3125 150.5 150.6875 150.75 150.75 150.75 150.75 150.75 151 151 151 151 150.875 150.75 150.75 150.625 150.5714 150.5333 150.3125 150.1818 NA NA NA NA NA NA NA NA NA NA NA NA NA NA NA NA NA NA NA NA NA NA NA NA NA NA NA NA NA NA NA NA NA NA NA NA NA NA NA NA NA NA NA NA NA NA NA NA NA NA NA NA NA NA NA NA NA NA NA NA NA NA NA NA NA 
NA NA NA 146 146 146 146.0625 147 147 147 147 147 147 147.4375 148 148 148 148 148.125 148.9375 149 149 149 149 149 149 149.125 149.875 150 150 150 150 150 150 150.1875 150.5625 150.75 151 151 151 151 151 151 151 151 151 151 151 151 151 151 151 151 151 151 151 151 151 151 151 NA NA NA NA NA NA NA NA NA NA NA NA NA NA NA NA NA NA NA NA NA NA NA NA NA NA NA NA NA NA NA NA NA NA NA NA NA NA NA NA NA NA NA NA NA NA NA NA NA NA NA NA NA NA NA NA NA NA NA NA NA NA NA NA NA 
NA NA NA NA 146 146 146.1875 147 147 147 147 147 147.0625 147.9375 148 148 148 148 148.3125 149 149 149 149 149 149.0625 149.625 149.875 150 150 150 150 150.1875 150.4375 150.875 151 151 151 151 151 151 151 151 151 151.0625 151.25 151.25 151.25 151.25 151.75 151.75 151.75 151.75 151.75 151.75 151.5625 151.5 151.5 151.5 151.4375 151.25 NA NA NA NA NA NA NA NA NA NA NA NA NA NA NA NA NA NA NA NA NA NA NA NA NA NA NA NA NA NA NA NA NA NA NA NA NA NA NA NA NA NA NA NA NA NA NA NA NA NA NA NA NA NA NA NA NA NA NA NA NA NA NA NA NA 
NA NA NA NA 146 146 146.375 147 147 147 147 147 147.5625 148 148 148 148 148.5 149 149 149 149 149.625 149.3125 149.875 150 150 150 150 150.3125 150.8125 151 151 151 151 151 151 151 151.1875 151.4375 151.5625 151.9375 152 152 152 152 152 152 152 152 152 152 152 152 152 152 152 152 152 NA NA NA NA NA NA NA NA NA NA NA NA NA NA NA NA NA NA NA NA NA NA NA NA NA NA NA NA NA NA NA NA NA NA NA NA NA NA NA NA NA NA NA NA NA NA NA NA NA NA NA NA NA NA NA NA NA NA NA NA NA NA NA NA NA NA 
NA NA NA 146 146 146 146.4375 147 147 147 147 147 147.875 148 148 148 148.0625 148.9375 149 149 149 149.125 149.8125 149.8125 150 150 150 150.125 150.75 151 151 151 151 151.0625 151.3125 151.5625 151.875 152 152 152 152 152 152 152 152 152 152 152 152.5 152.5 152.5 152.5 152.5 152.5 152.5 152.5 152.5 152.4375 152.2222 NA NA NA NA NA NA NA NA NA NA NA NA NA NA NA NA NA NA NA NA NA NA NA NA NA NA NA NA NA NA NA NA NA NA NA NA NA NA NA NA NA NA NA NA NA NA NA NA NA NA NA NA NA NA NA NA NA NA NA NA NA NA NA NA NA NA 
NA NA 146 146 146 146 146.3125 147 147 147 147 147.125 148 148 148 148 148.4375 149 149 149 149.125 149.9375 150 150 150 150 150.4375 151 151 151 151 151.0625 151.5 151.875 152 152 152 152 152 152 152 152.0625 152.25 152.5 152.5 152.6875 152.75 152.75 153 153 153 153 153 153 153 153 153 153 153 153 NA NA NA NA NA NA NA NA NA NA NA NA NA NA NA NA NA NA NA NA NA NA NA NA NA NA NA NA NA NA NA NA NA NA NA NA NA NA NA NA NA NA NA NA NA NA NA NA NA NA NA NA NA NA NA NA NA NA NA NA NA NA NA NA NA 
NA NA NA 146 146 NA NA 146.5385 147 147 147 147 148 148 148 148 148.8125 149 149 149 149.625 150 150 150 150 150.375 151 151 151 151 151.5 151.9375 152 152 152 152 152 152.0625 152.375 152.625 152.875 153 153 153 153 153 153 153 153 153 153 153.125 153.25 153.25 153.25 153.25 153.25 153.25 153.25 153.25 NA NA NA NA NA NA NA NA NA NA NA NA NA NA NA NA NA NA NA NA NA NA NA NA NA NA NA NA NA NA NA NA NA NA NA NA NA NA NA NA NA NA NA NA NA NA NA NA NA NA NA NA NA NA NA NA NA NA NA NA NA NA NA NA NA 
NA NA NA NA NA NA NA NA 147 147 147 147.25 148 148 148 148 149 149 149 149.0625 149.9375 150 150 150 150.375 151 151 151 151.1875 151.8125 152 152 152 152 152.25 152.5 152.6875 153 153 153 153 153 153 153 153 153 153.0625 153.25 154 154 154 154 154 154 154 154 154 154 154 NA NA NA NA NA NA NA NA NA NA NA NA NA NA NA NA NA NA NA NA NA NA NA NA NA NA NA NA NA NA NA NA NA NA NA NA NA NA NA NA NA NA NA NA NA NA NA NA NA NA NA NA NA NA NA NA NA NA NA NA NA NA NA NA NA NA 
NA NA NA NA NA 146 146 146.3077 147 147 147 147.1875 148 148 148 148.1875 149 149 149 149.3125 150 150 150 150.125 150.9375 151 151 151.1875 151.9375 152 152 152 152.375 152.875 153 153 153 153 153 153 153 153.0625 153.375 153.5625 153.75 154 154 154 154 154 154 154 154 154 154 154 154 154 154.2 154.3333 155.4 NA NA NA NA NA NA NA NA NA NA NA NA NA NA NA NA NA NA NA NA NA NA NA NA NA NA NA NA NA NA NA NA NA NA NA NA NA NA NA NA NA NA NA NA NA NA NA NA NA NA NA NA NA NA NA NA NA NA NA NA NA NA NA NA 
NA NA NA NA NA 146 146 146 146.9375 147 147 147 148 148 148 148.25 149 149 149 149.5 150 150 150 150.625 151 151 151.0625 151.9375 152 152 152.0625 152.75 153 153 153 153 153 153 153.0625 153.5625 153.75 154 154 154 154 154 154 154 154.375 154.5 154.5625 154.75 154.75 154.8125 155 155 155 155 155 155 156 157 NA NA NA NA NA NA NA NA NA NA NA NA NA NA NA NA NA NA NA NA NA NA NA NA NA NA NA NA NA NA NA NA NA NA NA NA NA NA NA NA NA NA NA NA NA NA NA NA NA NA NA NA NA NA NA NA NA NA NA NA NA NA NA 
NA NA NA NA NA NA 146 146.0625 146.8125 147 147 147 147.25 148 148 148 148.8125 149 149 149.5 150 150 150.25 150.9375 151 151 151.6875 152 152 152.1875 152.9375 153 153 153 153.0625 153.1875 153.375 153.875 154 154 154 154 154 154 154 154 154.25 154.4375 155 155 155 155 155 155 155 155 155 155 155 155 156 156.8125 156.6923 NA NA NA NA NA NA NA NA NA NA NA NA NA NA NA NA NA NA NA NA NA NA NA NA NA NA NA NA NA NA NA NA NA NA NA NA NA NA NA NA NA NA NA NA NA NA NA NA NA NA NA NA NA NA NA NA NA NA NA NA NA NA 
NA NA NA NA NA 145.9333 146 146 146.1875 147 147 147 147 147.8125 148 148 148.5625 149 149 149.3125 150 150 150.25 151 151 151.0625 152 152 152.0625 152.9375 153 153 153 153.375 153.9375 154 154 154 154 154 154 154 154 154.25 154.5625 155 155 155 155 155 155 155 155 155 155 155 155.1875 155.25 155.375 155.5 156.25 157 157 157 NA NA NA NA NA NA NA NA NA NA NA NA NA NA NA NA NA NA NA NA NA NA NA NA NA NA NA NA NA NA NA NA NA NA NA NA NA NA NA NA NA NA NA NA NA NA NA NA NA NA NA NA NA NA NA NA NA NA NA NA NA 
NA NA NA NA NA NA 145.875 146 146 146.5 147 147 147 147.5625 148 148 148.3125 149 149 149.25 150 150 150.25 151 151 151.25 152 152 152.4375 153 153 153.0625 153.8125 154 154 154 154 154 154 154 154 154.375 154.875 155 155 155 155 155 155 155.0625 155.3125 155.5 155.75 155.8125 156 156 156 156 156 156 156.75 157.5 157.5 157.5625 157.5 158 NA NA NA NA NA NA NA NA NA NA NA NA NA NA NA NA NA NA NA NA NA NA NA NA NA NA NA NA NA NA NA NA NA NA NA NA NA NA NA NA NA NA NA NA NA NA NA NA NA NA NA NA NA NA NA NA NA NA NA 
NA NA NA NA NA NA NA NA NA 146 146.4375 147 147 147.125 148 148 148 149 149 149 150 150 150.25 151 151 151.25 152 152 152.5 153 153 153 153.9375 154 154 154 154 154 154 154 154.1875 154.8125 155 155 155 155 155 155.0625 155.625 155.9375 156 156 156 156 156 156 156 156 156 156.25 157.125 158 158 158 158 158 158 158 NA NA 158 NA NA NA NA NA NA NA NA NA NA NA NA NA NA NA NA NA NA NA NA NA NA NA NA NA NA NA NA NA NA NA NA NA NA NA NA NA NA NA NA NA NA NA NA NA NA NA NA NA NA NA NA NA NA 
NA NA NA NA NA NA NA NA NA NA 146 146.4286 147 147 147.5 148 148 148.5 149 149 149.75 150 150 150.8125 151 151.1875 152 152 152.4375 153 153 153 153.75 154 154 154 154 154 154.375 154.4375 155 155 155 155 155 155.4375 155.6875 156 156 156 156 156 156 156 156.3125 156.5625 156.75 156.9375 157 157 157.625 158.25 158.4375 158.5 158.625 158.5 158.75 158.75 158.75 158.75 158.75 158.8889 NA NA NA NA NA NA NA NA NA NA NA NA NA NA NA NA NA NA NA NA NA NA NA NA NA NA NA NA NA NA NA NA NA NA NA NA NA NA NA NA NA NA NA NA NA NA NA NA NA NA NA NA NA 
NA NA NA NA NA NA NA NA NA NA NA NA NA 147 147 147.5 148 148.0833 148.6667 149 149.0625 149.8125 150 150.5 151 151 151.8125 152 152.125 152.875 153 153 153.125 153.9375 154 154 154 154.3125 155 155 155 155 155 155.1875 155.125 156 156 156 156 156 156.0625 156.4375 156.8125 156.875 157 157 157 157 157 157 158 159 159 159 159 159 159 159 159 159 159 159 159 NA 160 NA NA NA NA NA NA NA NA NA NA NA NA NA NA NA NA NA NA NA NA NA NA NA NA NA NA NA NA NA NA NA NA NA NA NA NA NA NA NA NA NA NA NA NA NA NA NA NA NA NA 
NA NA NA NA NA NA NA NA NA NA NA NA NA NA NA NA NA NA NA 148.8125 149 149.1875 150 150 150.1875 151 151 151.3125 152 152 152.3125 153 153 153.1875 153.9375 154 154 154.6875 155 155 155 155 155.0625 155.375 155.9375 156 156 156 156.4375 156.875 156.9375 157 157 157 157 157 157.0625 157.25 157.25 157.5 158.375 159 159.125 159.25 159.375 159.5 159.5 159.625 159.75 159.75 159.75 159.75 159.75 160 160 160 160 160 160 NA NA NA NA NA NA NA NA NA NA NA NA NA NA NA NA NA NA NA NA NA NA NA NA NA NA NA NA NA NA NA NA NA NA NA NA NA NA NA NA NA NA NA NA NA NA 
NA NA NA NA NA NA NA NA NA NA NA 145.7857 146 146.25 146.9333 147 147.5 NA 148 148.5625 149 149.125 149.75 149.9375 150.25 151 151.125 151.5 151.9375 152.125 152.5625 152.9375 153 153 153.5 153.875 154 154.125 154.5625 154.8125 155 155 155.25 156 156 156 156.0625 156.6875 157 157 157 157 157 157.25 157.375 157.625 157.9375 158 158 158 158.8125 159.625 160 160 160 160 160 160 160 160 160 160 160 160.6875 160.625 160.75 160.25 160.0625 160.125 160.875 161 NA NA NA NA NA NA NA NA NA NA NA NA NA NA NA NA NA NA NA NA NA NA NA NA NA NA NA NA NA NA NA NA NA NA NA NA NA NA NA NA NA NA NA NA 
NA NA NA NA NA NA NA NA 144 NA 145 145.0625 146 146 146.25 147 147 147.375 148 148.0625 148.8125 149.0625 149.625 150 150.3125 151 151.25 151.75 151.9375 152 152.625 152.875 153.0625 153.3125 154 154 154 154.375 155 155 155 155.25 155.75 155.75 156 156.1875 156.875 157 157 157 157.0625 157.5 157.875 158 158 158 158 158 158.25 158.5 159.375 160 160 160 160.1875 160.25 160.4375 160.5 160.5625 160.75 160.75 160.75 160.9375 161 161 160.625 160.8125 160.75 160.875 161 161.0714 NA NA NA NA NA NA NA NA NA NA NA NA NA NA NA NA NA NA NA NA NA NA NA NA NA NA NA NA NA NA NA NA NA NA NA NA NA NA NA NA NA NA NA NA 
NA NA NA NA NA NA NA NA 144 144 144.6875 145 145.1875 146 146 146.25 147 147 147.75 148 148 149 149 149.5625 150 150 150.875 151.0625 151.5625 152 152 152.9375 153 153.375 154 154 154 154.8125 155 155 155.0625 156 156 156 156 156.75 157 157 157 157.25 157.875 158 158 158 158 158 158.4375 158.75 159 159 159.8125 160.75 160.625 160.4375 161 161 161 161 161 161 161 161 161 161.75 161.5625 161.3125 161.4375 161.6875 161.625 162 NA NA NA NA NA NA NA NA NA NA NA NA NA NA NA NA NA NA NA NA NA NA NA NA NA NA NA NA NA NA NA NA NA NA NA NA NA NA NA NA NA NA NA NA NA 
NA NA NA NA NA NA NA NA NA 144 144.3125 145 145 145.75 146 146 146.9375 147 147.5 148 148 148.75 149 149.3125 150 150 150.875 151 151.375 152 152 153 153 153.0625 154 154 154 154.9375 155 155 155.5 156 156 156 156.6875 156.9375 157 157 157.6875 158 158 158 158 158.3125 158.6875 158.8125 159 159 159 159 160.0625 161 161 161 161 161 161 161 161.3125 161.4375 161.5625 161.75 161.75 162 162 162 162 162 162 NA NA NA NA NA NA NA NA NA NA NA NA NA NA NA NA NA NA NA NA NA NA NA NA NA NA NA NA NA NA NA NA NA NA NA NA NA NA NA NA NA NA NA NA NA NA 
NA NA NA NA NA NA NA NA 143 143.25 143.875 144.5625 145 145.0625 145.8125 146 146.25 147 147.0625 147.8125 148 148.0625 149 149.0625 149.9375 150 150.4375 151 151.0625 152 152 152.625 153 153 153.9375 154 154 154.875 155 155 155.6875 156 156 156.5 157 157 157 157.375 158 158 158 158.25 158.8125 159 159 159 159 159 159 159.8125 160.5625 161.375 161.625 161.6875 161.625 161.5625 161.5 161.9375 162 162 162 162 162 162.625 162.8125 162.9375 163 162.4286 162.3636 NA NA NA NA NA NA NA NA NA NA NA NA NA NA NA NA NA NA NA NA NA NA NA NA NA NA NA NA NA NA NA NA NA NA NA NA NA NA NA NA NA NA NA NA NA NA 
NA NA NA NA NA NA NA NA 143 143.1875 143.625 144 144.5625 145 145.125 145.875 146 146.6875 147 147.125 148 148 148.8125 149 149.4375 150 150.125 150.875 151 151.5 152 152.1875 152.875 153 153.5 154 154 154.6875 155 155.0625 155.9375 156 156.125 156.9375 157 157 157.4375 158 158 158 158.3125 159 159 159 159 159 159.0625 159.5625 159.9375 160 161 162 162 162 162 162 162 162 162 162 162.25 162.4375 162.5625 163 163 163 163 NA NA NA NA NA NA NA NA NA NA NA NA NA NA NA NA NA NA NA NA NA NA NA NA NA NA NA NA NA NA NA NA NA NA NA NA NA NA NA NA NA NA NA NA NA NA NA NA 
NA NA NA NA NA NA NA NA 143 NA 143.625 144 144.0625 144.6875 145 145.3125 146 146.0625 146.875 147 147.5625 148 148.25 148.8125 149 149.5625 150 150.25 151 151 151.875 152 152.0625 153 153 153.9375 154 154.75 155 155.125 156 156 156.5 157 157 157.375 158 158 158 158.0625 158.8125 159 159 159 159.0625 159.5 159.8125 160 160 160 161 162 162 162.0625 162.3125 162.75 162.9375 163 162.875 162.8125 163 163 163 163 163 163 163 163 NA NA NA NA NA NA NA NA NA NA NA NA NA NA NA NA NA NA NA NA NA NA NA NA NA NA NA NA NA NA NA NA NA NA NA NA NA NA NA NA NA NA NA NA NA NA NA 
NA NA NA NA NA NA NA NA NA 142.875 143 143.375 144 144 144.75 145 145.4375 146 146.1875 146.9375 147 147.8125 148 148.1875 149 149.0625 149.875 150 150.6875 151 151.375 152 152.0625 153 153 153.625 154 154.5625 155 155.125 156 156 156.5 157 157 157.5 158 158 158.0625 158.9375 159 159 159 159.25 159.9375 160 160 160 160 160 161.0625 162 162.125 163 163 163 163 163 163 163 163 163.0625 163 163 163.4375 163.5 163.8125 164 164 164 164 NA NA NA NA NA NA NA NA NA NA NA NA NA NA NA NA NA NA NA NA NA NA NA NA NA NA NA NA NA NA NA NA NA NA NA NA NA NA NA NA NA NA NA NA 
NA NA NA NA NA 141 141 NA 142 142.2308 NA NA 143.2 NA 144.125 144.9286 145 145.625 146 146.3125 147 147.125 147.9375 148 148.5 149 149.3125 150 150.125 150.9375 151 151.875 152 152.625 153 153.5 154 154.4375 155 155.125 156 156 156.625 157 157 157.875 158 158.3125 158.75 159 159 159.0625 159.6875 160 160 160 160 160 160.0625 160.6875 161.75 162.6875 162.8125 163 163 163 163 163.25 163.625 163.9375 163.875 163.625 163.0625 163.8125 164 164 164 164 164 164 164.0625 164.375 NA NA NA NA NA NA NA NA NA NA NA NA NA NA NA NA NA NA NA NA NA NA NA NA NA NA NA NA NA NA NA NA NA NA NA NA NA NA NA NA NA NA NA 
NA NA NA NA NA NA 140.8125 141 NA NA NA NA NA NA NA NA 144.9091 145 145.6875 146 146.5 147 147.4375 148 148 148.875 149 149.6875 150 150.5625 151 151.375 152 152.1875 153 153.5 154 154.25 155 155 156 156 156.75 157 157.25 158 158 158.75 159 159 159.125 159.875 160 160 160 160 160.1875 160.625 160.9375 161 162 163 163 163 163 163 163.125 164 164 164 164 164 164 164 164 164.125 164.4286 164.3333 164.5 164.5 NA NA NA NA NA NA NA NA NA NA NA NA NA NA NA NA NA NA NA NA NA NA NA NA NA NA NA NA NA NA NA NA NA NA NA NA NA NA NA NA NA NA NA NA NA 
NA NA NA NA NA NA NA NA NA NA NA NA NA NA NA NA 144.125 144.9375 145.0625 145.8125 146 146.6875 147 147.4375 148 148.1875 149 149.0625 149.9375 150.0625 150.9375 151 151.8125 152 152.8125 153.1875 154 154.0625 155 155 155.875 156 156.5 157 157.25 158 158.1875 159 159 159 159.5625 159.8125 159.75 159.9375 160 160.0625 160.875 161 161 161 162 163 163 163 163.6875 163.875 164 164 164 164 164 164.1875 164.375 164.75 164.75 165 NA NA NA NA NA NA NA NA NA NA NA NA NA NA NA NA NA NA NA NA NA NA NA NA NA NA NA NA NA NA NA NA NA NA NA NA NA NA NA NA NA NA NA NA NA NA NA NA NA 
NA NA NA NA NA NA NA NA NA NA NA NA NA NA NA 143.4 144 144.1875 144.9375 145.125 145.9375 146.0625 146.875 147 147.75 148 148.5 149 149.4375 150 150.4375 151 151.375 152 152.375 153 153.875 154 154.625 155 155.5625 156 156.4375 157 157.3125 158 158.125 159 159 159 159.4375 159.5 160 160 160 160.8125 161 161 161 161 162 163 163.25 163.75 164 164 164 164 164 164 164.375 165 165 165 165 165 164.9286 NA NA NA NA NA NA NA NA NA NA NA NA NA NA NA NA NA NA NA NA NA NA NA NA NA NA NA NA NA NA NA NA NA NA NA NA NA NA NA NA NA NA NA NA NA NA NA NA 
NA NA NA NA NA NA NA NA NA NA NA NA NA NA NA 143 143.375 144 144.3125 145 145.1875 146 146.1875 146.9375 147.0625 147.875 148 148.75 149 149.8125 150 150.8125 151 151.875 152 152.875 153.375 154 154.375 155 155.3125 156 156.25 157 157.125 158 158.1875 158.75 159 159 159.375 159.9375 160 160 160.125 161 161 161 161 161.0625 162.375 163.6875 164 164 164 164 164 164.375 164.875 165 165 165 165 165 165 165.25 165.1875 165 165.5 165.75 166 166 NA NA NA NA NA NA NA NA NA NA NA NA NA NA NA NA NA NA NA NA NA NA NA NA NA NA NA NA NA NA NA NA NA NA NA NA NA NA NA NA NA NA NA 
NA NA NA NA NA NA NA NA NA NA NA NA NA NA NA 142.6667 143 143.5 144 144.375 145 145.375 146 146.25 146.9375 147.1875 147.9375 148.125 148.875 149.1875 150 150.375 151 151.25 152 152.5625 153 153.9375 154.0625 154.875 155.0625 155.875 156 156.9375 157.0625 157.625 158 158.25 158.8125 159 159.3125 159.625 159.9375 160 160 160.1875 160.9375 161 161 161.5 162.8125 164 164 164 164 164.1875 164.8125 165 165 165 165 165 165.625 165.5625 165.8125 166 165.6875 165.5 166 166 166 166.25 166.6875 166.7778 NA NA NA NA NA NA NA NA NA NA NA NA NA NA NA NA NA NA NA NA NA NA NA NA NA NA NA NA NA NA NA NA NA NA NA NA NA NA NA NA NA 
NA NA NA NA NA NA NA NA NA NA NA NA NA NA NA 142 142.625 143 143.625 144 144.5 145 145.4375 145.9375 146.25 147 147.4375 148 148.375 149 149.25 149.9375 150.625 151 151.8125 152.4375 153 153.5 154 154.4375 155 155.5 156 156.625 157 157.125 158 158.25 158.0625 158.8125 159.0625 159 159.4375 160 160.125 160.5 160.4375 161 161 161.8125 163 164 164 164 164.1875 164.9375 165 165 165 165.125 165.25 165.4375 165.75 166 166 166.125 166.25 166.1875 166.4375 166.625 166.5 166.8125 167 167 NA NA NA NA NA NA NA NA NA NA NA NA NA NA NA NA NA NA NA NA NA NA NA NA 168.7778 168.5455 NA NA NA NA NA NA NA NA NA NA NA NA NA NA NA 
NA NA NA NA NA NA NA NA NA NA NA NA NA NA 141 141.4375 141.875 142.375 142.75 143.125 144 144.3125 145 145.4375 146 146.625 147 147.75 148 148.4375 149 149.875 150 150.8125 151.3125 152 152.875 153.0625 153.9375 154.125 155 155.1875 156 156.0625 156.5625 157 158 158 158.125 158.375 158.8125 159 159 160 160 160.0625 160.6875 161 161 161.5625 162.75 163.8125 164 164 164.75 165 165 165 165.375 165.9375 166 166 166 166.1875 166.625 166.9375 167 167 167 167 166.9375 167.1875 167.25 167.1333 NA NA NA NA NA NA NA NA NA NA NA NA NA NA NA NA NA NA NA NA NA NA 169.5 169.3077 170 170.125 169.3333 NA NA NA NA NA NA NA NA NA NA NA NA NA NA 
NA NA NA NA NA NA NA NA NA NA NA NA NA 140.0833 140.4375 140.9375 141.1875 141.75 142.125 142.75 143.3125 144 144.8125 145 145.5 146.0625 146.75 147.0625 147.875 148.125 148.9375 149.4375 150 150.3125 151 151.75 152.4375 153 153.5 154 154.6875 155 155.1875 156 156.375 157 157.5 158 158.25 158.8125 158.9375 159 159 159.9375 160 160.25 160.5 161 161 161.25 162.5625 163.875 164 164 164.375 165 165 165.4375 166 166 166 166 166.1875 166.9375 167 167 167.1875 167.3125 167.5625 167.25 167.125 167.6875 168 167.9375 167.8125 168.125 168.3125 167.8 167.9375 168.0667 168.2 168.5 168.6 168.625 NA NA NA NA NA NA NA NA NA NA 170.2222 170.75 171.1875 171.1875 171.5 171.4375 171.0625 170.6875 171 NA NA NA NA NA NA NA NA NA NA NA NA 
NA NA NA NA NA NA NA NA NA NA NA NA 139 139.75 140 140.125 140.9375 141.3125 142.125 142.5 143.125 143.25 144.125 144.9375 145 145.625 146.125 146.75 147.125 147.9375 148.4375 149.0625 149.75 150 150.8125 151.4375 152.0625 152.6875 153 153.8125 154.25 155 155.0625 155.875 156.0625 156.8125 157 157.5625 157.875 158.3125 159 159 159.0625 159.8125 160 160.125 160.5625 161 161.125 161.5625 162.6875 164 164 164 164.625 165 165.25 165.9375 166 166 166.0625 166.1875 166.5 167 167.0625 167.25 167.875 168 167.9375 168 168 168 168 168.0625 168.125 168.875 169 169.25 169.625 169.5625 169.25 169.3125 169.125 169.75 169.3125 169.4545 NA NA NA NA NA NA NA NA 171.4375 171.6875 172 171.9375 172 172 171.5625 172.1875 172.25 172 172 172 NA NA NA NA NA NA NA NA NA 
NA NA NA NA NA NA NA NA NA NA NA 137.8 138.625 139 139.375 139.9375 140.25 140.875 141.1875 141.9375 142.125 142.9375 143.4375 143.9375 144.4375 145.0625 145.875 146.125 146.875 147.1875 148 148.5 149.125 149.6875 150.1875 150.875 151.5 152.125 152.6875 153.1875 153.5625 154.25 154.375 155.125 155.625 156.1875 156.4375 157 157.125 157.9375 158.4375 158.3125 158.625 159.0625 159.25 159.6875 160.0625 160.1875 160.5 161 161.3125 162 162.5 162.5 162.6875 163.375 163.6875 164.0625 164.5 164.5 164.6875 164.625 165.25 166.6875 167.125 167.25 167.625 168 168 168 168 168 168.1875 168.3125 168.8125 168.75 169.375 169.75 170 170.125 170.75 170.6875 170.3125 170.625 170.6875 170.375 NA NA NA NA NA NA NA 171.2667 172.0625 172.5 172.8125 172.3125 172.0625 172.1875 171.9375 172.25 172.25 172.25 172.0625 172.25 172.1875 172 NA NA NA NA NA NA NA 
NA NA NA NA NA NA NA NA NA NA NA 137.2857 137.8125 138.3125 139 139.0625 139.6875 140.1875 140.9375 141.375 142 142.4375 143 143.5 144 144.75 145.1875 145.9375 146.25 147.0625 147.75 148 148.9375 149.125 150 150.625 151.0625 151.8125 152.0625 152.8125 153.0625 153.9375 154 154.6875 155.25 155.875 156 156.5625 157 157.25 158 158.4375 158.0625 158.6875 159.0625 159.4375 160 160.0625 160.875 161 161.3125 161.875 162 162.0625 162.4375 163 163 163.6875 164 164 164.1875 164.3125 165 166.9375 167 167.625 168 168 168 168.6875 168.5625 168.375 168.25 168.25 168.6875 168.5625 169.8125 170.0625 170 170.6875 170.9375 171.0625 171.375 171.75 171.625 170.75 170.5385 NA NA NA NA NA 171.5714 172.5 173.125 173.0625 173 173 173 172.5625 172.5 172.5625 172.3636 NA NA 172.4286 172.625 172.6667 NA NA NA NA NA NA NA 
NA NA NA NA NA NA NA NA NA 135.6667 136 136.25 137.0625 137.75 138.4375 139 139.0625 139.625 140.25 140.875 141.3125 142 142.6875 143.1875 143.8125 144.3125 144.9375 145.6875 146 146.5625 147.0625 147.5625 148.1875 148.9375 149.4375 150.0625 150.9375 151.1875 152 152.1875 153 153.3125 154 154.5 155 155.1875 156 156.3125 156.875 157.0625 157.5 158 158 158.1875 158.875 159 159.75 160.125 161 161 161.1875 161.875 162 162 162.375 163 163 164 164 164 164.875 164.8125 165 167 167.25 168 168 168 168.125 168.8125 169 169 169.4375 168.9375 168.8125 169.5 170.125 170.6875 171 171.0625 171.1875 171.8125 171.9375 172.25 171.625 171.625 171.75 171.0769 NA NA NA 171.5 172.625 173.6875 173.9375 173.625 173.125 173 173 173 173.3125 173.25 NA NA NA NA NA NA NA NA NA NA NA NA NA 
NA NA NA NA NA NA NA NA NA NA 135.4375 136.3125 136.4375 137.0625 137.6875 138.3125 138.875 139.0625 139.625 140.1875 141 141.5 142.125 142.1875 143 143.9375 144.125 144.5625 145.1875 145.8125 146.3125 147.125 148 148.5 149 149.8125 150.375 151 151.4375 152 152.6875 153 153.375 154.0625 154.8125 155.0625 155.6875 156 156.625 157 157.5 157.8125 158.25 158 158.5625 159 159.375 160 160.4375 161 161.3125 162 162 162 162.8125 163 163 163.8125 164 164.375 165 165 165 167 167.4375 168 168.0625 168.625 168.8125 168.8125 169 169.5 169.9375 169.5 169.625 169.9375 170.8125 171 171 171.25 171.4375 172.0625 172.25 172.875 172.9375 172.875 172.625 172.375 171.8667 172 172.1111 172.5625 173.75 174.125 174.4375 174.625 174.3125 173.9375 173.75 173.625 174 NA NA NA NA NA NA NA NA NA NA NA NA NA NA 
NA NA NA NA NA NA NA NA NA NA 134.4375 135 135.9375 137.0625 137.3125 137.875 138.4375 139.125 139.125 139.75 140.3125 141.0625 141.5625 142.125 142.25 143.1875 144 144.6875 145.0625 145.6875 146.4375 147 147.5625 148.125 148.875 149.3125 150 150.5625 151.125 151.875 152.1875 153 153 154 154.1875 154.5 155.125 155.8125 156 156.9375 157 157.3125 157.9375 158 158.75 159 159.125 160 160.25 161 161 161.875 162 162 162.9375 163 163.0625 163.625 164 164.75 165 165 165.25 167.9375 168 168 168.125 169 169 169 169.375 169.9375 170 170.375 170.125 170.5625 170.875 171.0625 171.4375 172 172.0625 172.125 173 173.3125 173.6875 173.9375 173.5625 172.875 173.0625 172.8125 172.875 173.4375 174.625 174.25 174.75 175 174.8125 174.6875 174.3125 174.1818 NA NA NA NA NA NA NA NA NA NA NA NA NA NA NA 
NA NA NA NA NA NA NA NA NA 133 133.75 134.4375 135.25 136.375 137.0625 137.5 138 138.375 138.8125 139.25 139.9375 140.3125 140.875 141.6875 142.1875 142.875 143.875 144.5 145 145.5625 146 146.375 147.0625 147.8125 148.0625 148.875 149.75 150.125 151 151.375 152 152.5625 153 153.625 154 154.125 154.75 155.125 155.75 156.0625 156.75 157 157.625 158 158.625 159 159.0625 160 160 160.875 161 161.625 162 162 162.75 163.125 163.25 163.625 164.125 165 165 165 165.4375 167.6875 168 168 168.25 169 169 169.125 169.875 170 170.125 170.9375 171 171.375 171.5625 171.75 172.25 172.375 172.6875 172.375 172.875 173.375 173.9375 173.9375 174.5625 174.375 174 173.9375 173.4375 174.125 175.125 175.1875 175.25 175.3125 175.0625 175 175 175 NA NA NA NA NA NA NA NA NA NA NA NA NA NA NA 
NA NA NA NA NA NA NA NA NA 132.75 133.5625 134.0625 135.125 136.125 136.1875 136.5625 137.1875 137.875 138.375 139 139.4375 140 140.5 141.0625 141.875 142.625 143.5 144 144.8125 145.125 146 146.125 146.9375 147.375 148 148.6875 149.4375 150 150.5625 151.125 151.8125 152 152.625 153.0625 153.8125 154.125 154.9375 155 155.4375 156 156.5 157 157.4375 158 158.125 159 159.0625 160 160 160.5 161 161.4375 162 162 162.6875 163 163.5625 164 164.3125 165 165 165 165.6875 168 168 168.5 168.9375 169 169.25 170 170 170.0625 170.75 171.125 171.1875 171.5 171.8125 172.4375 172.25 173.1875 173.5625 173.5 173.3125 174 174.25 174.0625 174.375 174.625 174.75 174.5 174.0625 174.5 175.5 175.625 175.75 175.9375 175.6875 175.8125 176 175.5625 175.6923 NA NA NA NA NA NA NA NA NA NA NA NA NA NA 
NA NA NA NA NA NA NA NA NA 132.0833 132.6875 133.375 134.4375 135.1875 136 136.5 136.875 137.375 138 138.5625 139.125 139.5625 140 140.5 141.125 142 142.75 143.75 144.125 144.6875 145.5 146 146.625 147 147.5 148.5 149.0625 149.5 150 150.875 151.1875 151.9375 152.5 153 153.875 154.0625 154.75 155 155 155.625 156.25 156.8125 157.125 157.6875 158 158.9375 159.1875 159.8125 160 160.4375 161 161.375 162 162 162.75 163 163.3125 164 164.5 165 165 165.3125 165.75 168 168 168.75 169 169.0625 169.75 170 170 170.5 171.25 171.1875 171.875 172.375 173.1875 173.0625 173.125 173.25 173.8125 173.875 174.1875 174.5625 175.125 175.0625 174.5 174.625 175 175.1875 174.75 175.0625 175.9375 176 176.0625 176.1875 176.375 176.4375 176.625 176.1875 176.1875 NA NA NA NA NA NA NA NA NA NA NA NA NA NA 
NA NA NA NA NA NA NA NA NA NA 132.1429 132.6875 133.5625 134.25 135 135.625 136.5625 137.5625 138 137.875 138.8125 139.1875 140 140.125 140.9375 141.75 142.625 143.0625 143.8125 144.0625 144.875 145.5625 146 146.5625 147 147.8125 148.5 149.125 150 150.6875 151.125 151.9375 152 152.8125 153.1875 153.9375 154.3125 155 155.3125 155.875 156 156.4375 156.6875 157.4375 158 158.6875 159 159.375 160 160.6875 161 161.125 161.8125 162.3125 163 163 163.625 164 164.5 165 165.25 166 165.9375 168.0625 168.5 169 169 169.5 170 170 170 170.625 171.1875 171.0625 172.125 172.4375 173.4375 173.5625 174 174.5625 174.8125 174.6875 174.9375 175.375 175.8125 176.25 175.375 174.9375 175.1875 175.3125 175.6875 176.25 176.375 177 176.875 177 176.9375 177.0625 177.0625 177 177 176.8125 NA NA NA NA NA NA NA NA NA NA NA NA NA 
NA NA NA NA NA NA NA NA NA NA NA NA 132.3077 133.2727 133.6 134.7143 135.6875 136.5 137.125 138.5 138.4375 139 139.5625 140 140.9375 141.4375 142.0625 142.75 143.125 143.9375 144.25 144.875 145.4375 146.0625 146.875 147.5 148.0625 149 149.6875 150.0625 150.9375 151.3125 152 152.3125 153.0625 153.625 154.125 154.8125 155 155.4375 156.0625 156.875 157 157.125 157.8125 158.0625 158.875 159.5 160 160.3125 161 161.0625 161.875 162.3125 163 163.125 164 164 164.5 165 165.5625 166 166 168.3125 168.9375 169 169.1875 169.875 170 170 170.1875 170.6875 170.875 171.1875 172.1875 172.5625 173.1875 173.9375 174 174.3125 175.0625 175.75 175.625 175.8125 176.0625 176.375 176.75 175.5 176 176.1875 176.3125 177 176.875 177.125 177.5625 177.5 177.5625 177.875 177.4375 177.3125 177.0625 177.3125 177.75 178 178 178 NA NA NA NA NA NA NA NA NA 
NA NA NA NA NA NA NA NA NA NA NA NA NA NA NA NA 134.875 135.75 136.8125 137.1875 137.9375 139 140.0625 140.5625 141.1875 141.0625 141.8125 142.5 143 143.6875 144.3125 144.5 145.125 146 146.625 147.3125 148 148.375 149.1875 149.875 150.5625 151.0625 151.8125 152 152.9375 153.375 154 154.1875 154.875 155 155.9375 156.4375 157 157.625 158 158.1875 158.8125 159.0625 159.75 160.0625 160.875 161.125 161.75 162 162.6875 163.125 163.875 164 164.6875 165 165.75 166 166 168.625 169 169.25 170 170 170.0625 170.5625 171 170.9375 171 171.25 172.1875 172.8125 173.5625 174 174.1875 174.8125 175.125 175.9375 176.4375 176.375 176.625 176.8125 176.8125 176.0625 176.875 177 177 177.625 177.4375 177.25 178 178 178 178 178 177.9375 177.5 177.9375 178 178 178.1875 178.3571 NA NA NA NA NA NA NA NA NA 
NA NA NA NA NA NA NA NA NA NA NA NA NA NA NA NA 134.8462 135.125 135.9375 137.0625 137.75 138.5625 139.75 139.875 141.375 141.25 141.6875 141.9375 143.1875 143.9375 144 144.3125 145 145.5 146.4375 147.1875 148 148.6875 149 149.25 150.0625 150.8125 151.0625 151.75 152.375 153.125 153.8125 154.25 154.8125 155.0625 155.9375 156.625 157 157.6875 158 158 158.5625 159.1875 160 160.25 160.9375 161.0625 161.5625 162 162.6875 163 163.5 164 164.5 165 165.75 166 166 168.625 169 169.25 170 170.25 170.5 171.4375 172 171.75 171.75 171.0625 172.5625 173.4375 173.6875 173.9375 174.3125 174.8125 175.3125 176.0625 176.5625 176.75 177.1875 177.1875 177.6875 176.5 177 177.0625 177.3125 178.0625 178.5 178.125 178.1875 178.625 178.625 178.9375 178.875 178.75 178.0625 178.125 178.8125 179 179 NA NA NA NA NA NA NA NA NA NA 
NA NA NA NA NA NA NA NA NA NA NA NA NA NA NA NA NA 134.4545 135.625 136.3125 137.75 138.75 140.0625 140.5 141.3125 142 141.6875 142.75 143 143.75 144 143.8125 145.3125 145.6875 145.875 146.6875 147.5625 148.0625 149.125 149.375 149.4375 149.9375 150.625 151.625 151.9375 152.875 153.25 153.875 154.5 155.1875 156 156.0625 156.5625 157 157.625 158.0625 158.1875 159.125 159.8125 160.1875 161 161.4375 161.9375 162.1875 162.875 163.1875 163.875 164 164.625 165 165.4375 166 166.25 168.3125 168.5 168.9375 169.5 169.6875 170.25 171 171.5 171.5625 171.4375 171.0625 172.9375 173.8125 174.375 174.4375 174.9375 175.375 175.9375 176.5625 176.5625 177.25 177.25 177 177.3125 177.6875 177.8125 178.0625 177.625 178 178.6875 178.75 178.75 179 179 179 179 178.9375 178.875 178.75 178.9375 179.0625 NA NA NA NA NA NA NA NA NA NA NA 
NA NA NA NA NA NA NA NA NA NA NA NA NA NA NA NA NA NA 134.7 NA 136.4375 137.75 139.25 140.5 141.4375 142 142.5 143.25 143.1875 143.875 144.375 144.125 144.8125 145.5 146.25 147.3125 147.5625 147.75 148.25 149.0625 149.8125 150.4375 151 151.625 152 152.0625 153.125 153.5625 154.1875 155 156.125 156.9375 157.3125 157.0625 157.5625 158 158.6875 159.625 160 160.625 161 161.75 162 162.1875 162.5 163 163.4375 164 164.75 165 165.25 166 166.6875 167 167.375 168 168 168.875 169 169.75 170 170.0625 170.75 170.9375 172.25 174.4375 175.4375 175.5 175.75 175.875 176 176.75 177 177.375 177.5 177.1875 177.25 177.1875 177.5625 178.125 178.375 178.375 179.0625 179 179 179 179.25 179.3125 179.0625 179 179.125 179.25 179.25 179.1875 NA NA NA NA NA NA NA NA NA NA NA 
NA NA NA NA NA NA NA NA NA NA NA NA NA NA NA NA NA NA NA NA 136 137.125 138.3125 139.625 140.75 141.375 141.4375 142.8125 143.4375 143.625 143.75 144.5 145.25 145.625 146.875 148 148.4375 148.75 148.9375 149.75 150.4375 151 151.375 151.625 152 152.8125 153 153.875 154.5 155.6875 156 156.75 157.3125 157.4375 158.0625 158.3125 158.9375 159.625 160 160.4375 161 161.5625 162 162 162.5625 163 163.6875 164 164.8125 165 165.375 166 166.625 167 167.8125 168 168.3125 169 169 169.5625 170 170.4375 171 171.4375 171.75 173.9375 176.125 176.5 176.25 176.875 177.5 177.5 177.3125 176.8125 177.0625 177 177.75 177.8125 177.8125 178 178.8125 178.9375 179.1875 179.375 179.0625 179 179.625 180 179.1875 179 179 179.5625 179.4375 180 NA NA NA NA NA NA NA NA NA NA NA 
NA NA NA NA NA NA NA NA NA NA NA NA NA NA NA NA NA NA NA NA NA 136 137.0769 137.4167 138.4375 140.25 140.5 141.875 142.9375 143.3125 143.75 144.375 144.75 145.5 146 146.875 147.75 148.5625 149.1875 149.5 149.9375 150.5625 151.5 151.75 151.9375 152.5 153.0625 154 155 155.4375 155.875 156.375 156.6875 157.5625 157.9375 158.125 159 159.25 159.9375 160.0625 160.5625 161.3125 162 162.3125 163 163 163.75 164.125 165 165 165.4375 166 166.375 167 167.1875 168 168.8125 169 169.4375 169.9375 170 170.375 171.25 171.75 172.125 173.75 175.1875 176.0625 176.375 177.0625 178 178.4375 178.8125 177 177.1875 177.6875 177.875 178 178.25 178.8125 178.5625 179 179.4375 179.6875 179.5625 179.5 179.875 180 179.375 179.5 179.4375 179.5625 179.625 180.4667 NA NA NA NA NA NA NA NA NA NA NA 
NA NA NA NA NA NA NA NA NA NA NA NA NA NA NA NA NA NA NA NA NA NA NA NA 137.8667 138.9375 140.5 141.1875 142.1875 142.6875 143.375 144 144.6875 145.3125 145.9375 146.8125 147.75 148.125 148.875 149.375 149.8125 150.0625 150.9375 151.75 152.375 152.3125 153.0625 153.8125 154.5625 155 155.4375 156 156.625 156.875 157.6875 158.25 159 159.3125 160 160.6875 160.9375 161.25 161.8125 162.125 162.9375 163.1875 163.9375 164.125 164.6875 165.125 165.4375 166 166 166.9375 167.375 168 168.4375 169 169.6875 170 170.375 170.9375 171.375 172 173 174.6875 176 176.4375 177.25 177.875 178 178.625 179 177.875 177.125 178 178.5625 178.375 178.9375 179 179 179 179.5625 179.6875 179.25 179.8125 180 179.6875 180.3125 180.5 180.25 180.3333 NA NA NA NA NA NA NA NA NA NA NA NA NA 
NA NA NA NA NA NA NA NA NA NA NA NA NA NA NA NA NA NA NA NA NA NA NA NA 138.2 138.5625 139.25 140.3125 142 142.5 143 143.625 143.875 144.875 145.8125 146.75 147.375 148.0625 148.25 148.875 149.5625 150 150.8125 151.625 152.25 152.75 152.8125 153.3125 154.0625 154.6875 155.4375 156.1875 156.5 157.0625 157.375 158 158.8125 159.1875 159.9375 160 160.8125 161.25 161.9375 162.0625 162.9375 163.5625 164.125 164.8125 165.1875 165.125 165.6875 166 166 167 168 168 168.25 169 169.75 170 170.4375 171.25 172.25 172.75 173.25 175 176.5625 177 177.8125 178 178.3125 178.6875 178.6875 178.25 177.0625 178 178.875 179 179.0625 179.1875 179.625 179.75 179.8125 179.75 180 180 180.0625 180.8571 NA NA NA NA NA NA NA NA NA NA NA NA NA NA NA NA NA 
NA NA NA NA NA NA NA NA NA NA NA NA NA 131.8 133.375 132.6154 NA NA NA NA NA NA 136.0714 137.3125 138.375 138.375 139.625 140.1875 141.375 142.375 143.0625 143.4375 144 144.625 144.875 145.9375 146.8125 147.3125 148.0625 148.5 148.75 149.9375 150.8125 151 151.625 152.1875 153 153.125 154.0625 155 155.5625 156.0625 156.3125 156.8125 157.1875 158 158.8125 159 159.5625 160 160.8125 161 161.6875 162 162.875 163.625 164.0625 164.25 164.5 165.125 165.625 166 166.625 167 167.9375 168.125 168.875 169 169.5625 169.9375 170.625 171.6875 172.125 172.4375 173.375 175.5625 177 177.75 178 178.25 178.625 178.9375 178.75 178.3125 177.75 178 178.8125 179 179.625 179.6875 180 180.0625 180 180.125 180.25 180.625 180.625 181.0769 NA NA NA NA NA NA NA NA NA NA NA NA NA NA NA NA NA 
NA NA NA NA NA NA NA NA NA NA NA NA NA NA 133.4375 133 133.25 134.9375 134.6875 135.0625 134.9375 135.6875 136.4375 136.75 137.625 138.4375 139.25 140.0625 141.5625 142 142.1875 142.9375 143.6875 144.625 145 145.5625 146.3125 146.9375 147.875 148.625 148.9375 149.1875 150.25 150.875 151.5 152 153 153 154.0625 154.875 155.375 156.3125 156.5625 157 157.25 158 158.8125 159 159.6875 160.0625 161 161 161.75 162.375 162.5625 163.375 164 164.4375 164.6875 165 165.875 166 166.8125 167.0625 167.625 168.25 169 169 169.875 170.125 170.875 171.1875 172.25 172.5625 173.6875 175.4375 177 177.75 178 177.75 178.3125 178 178.4375 177.9375 178.5 178.875 178.9375 179 180 180 180 180.125 180.1875 180.6875 181 181 181.0625 181.6 NA NA NA NA NA NA NA NA NA NA NA NA NA NA NA NA NA 
NA NA NA NA NA NA NA NA NA NA NA NA NA NA 134.5 134.375 134.6875 135.625 136.6875 137.375 137.0625 137.1875 137.625 137.25 138.3125 139.1875 140.125 140.5625 141.1875 142.0625 142.4375 142.875 143.3125 144.0625 144.8125 145.3125 146.5 147.1875 147.4375 147.5 148.375 148.8125 149.4375 150.375 151.1875 152.0625 152.875 153.1875 154.0625 154.625 155 155.75 156.4375 156.9375 157.625 158 158.3125 159 159.25 160 160.6875 161.1875 161.6875 162.625 162.8125 163.375 164 164.5 164.9375 165.0625 165.875 166.25 166.8125 167.1875 167.6875 168.1875 169 169.1875 170 170.6875 171 171.375 172.4375 172.9375 173.5 175.375 177.0625 177.9375 177.25 177.6875 177.75 177.9375 178 178 178.75 179 179 179.375 180 180.0625 180 180 180 180.8125 181 181 181.75 NA NA NA NA NA NA NA NA NA NA NA NA NA NA NA NA NA NA 
NA NA NA NA NA NA NA NA NA NA NA NA NA NA NA 133.9 134.875 135 136.25 137.4375 137.6875 138.1875 138.5625 139 139.3125 139.5 140.4375 141 141.1875 141.5625 142.0625 142.8125 143.1875 144 144.625 145.4375 146.0625 147.0625 147.1875 147.5625 148.625 148.875 149.9375 150.625 150.9375 151.6875 152.4375 153.25 154 154.8125 155.0625 156 156.375 157 157.625 158.1875 158.4375 158.3125 159 159.875 160.5 161.4375 162.1875 162.625 163.1875 163.375 164 164.0625 164.8125 165.375 165.9375 166.0625 166.625 167.5625 167.4375 168.125 169 169.5625 170 170.9375 171.125 172 172 172.6875 173.25 175.125 176.8125 177.5 178 177.5625 177.125 177.8125 178 178.25 179 179.125 179.625 180 180.1875 180.875 180.375 180.75 180.875 181 181 181.1875 182 NA NA NA NA NA NA NA NA NA NA NA NA NA NA NA NA NA NA 
NA NA NA NA NA NA NA NA NA NA NA NA NA NA NA NA 135 135.0625 136.125 137.125 137.3125 137.375 137.875 138.6875 139.625 139.5 139.9375 140.25 141.0625 141.6875 141.875 141.8125 142.4375 143.8125 144.5625 145.3125 146 146.875 147.25 147.625 147.8125 148.9375 149.6875 150.1875 151.1875 151.5 151.9375 152.875 153.9375 154.5625 155.1875 156 156.4375 157 157.4375 158.3125 158.9375 158.0625 159 159.625 160.3125 161.3125 162 163 163.8125 164 164 164 164.5625 165.125 165.9375 166 167.125 167.8125 167.75 168.3125 169.1875 170 170 171 171.4375 171.8125 172.3125 172.8125 173.4375 174.8125 176.75 177 177.3125 177.875 177.875 177.875 178.375 178.9375 179 179.5 180 180.25 181 181 181 181 181 181 181 181.5 182.0833 NA NA NA NA NA NA NA NA NA NA NA NA NA NA NA NA NA NA 
NA NA NA NA NA NA NA NA NA NA NA NA NA NA NA NA NA 134.4167 134.4 135.5625 135.8125 137 138.125 138.625 139.1875 139.75 140.0625 140.625 141.1875 142.25 143 143.125 143.375 143 144.0625 145.125 145.75 146.75 147.0625 147.875 148.1875 148.5625 149.1875 150 150.6875 151.75 152.375 152.6875 153.6875 154.1875 155 155.875 156.4375 157 157.1875 158.0625 159.0625 158.9375 159 159.4375 160.375 161.1875 161.9375 162.9375 163.3125 163.75 163.9375 164.5 165.125 165.75 166 166.5625 167.5 167.6875 167.6875 168.5625 169.4375 170 170.0625 171 171.5625 172 172.875 173 173.6875 175.4375 176.875 176.75 176.75 177.125 177.875 177.75 178.3125 178.9375 179 179.6875 180.0625 180 180.5 181 181 181 181 181.0625 181.125 181.9375 NA NA NA NA NA NA NA NA NA NA NA NA NA NA NA NA NA NA NA 
NA NA NA NA NA NA NA NA NA NA NA NA NA NA NA NA NA NA NA 134.6923 135.25 136.8125 138.25 139.1875 139.6875 139.4375 139.875 140.5 141.25 142.125 142.875 143 143.4375 143.5 144.3125 145.0625 145.75 146.3125 146.8125 147.875 148.1875 148.9375 149 149.9375 150.8125 151.4375 152.4375 153 153.5 154.125 155 155.5625 156.0625 157 157.25 158 158.375 159.125 159.375 159.4375 160.6875 161.125 162 162.6875 163.25 163.625 164 164.75 165.25 166 166.5 166.9375 167.4375 167.375 168 168.75 169.5 170 170.1875 171.0625 171.9375 172.0625 172.875 173.0625 174 175.3125 176.9375 177.6875 177.625 177.625 178.1875 179.1875 179.8125 179.3125 179.6875 179.9375 180.0625 180.375 180.9375 181 181 181 181.5625 181.625 181.75 181.9375 182.2308 NA NA NA NA NA NA NA NA NA NA NA NA NA NA NA NA NA NA 
NA NA NA NA NA NA NA NA NA NA NA NA NA NA NA NA NA NA NA NA 136.1333 137.1875 138.625 139 140.0625 140.875 141.1875 141.3125 141.5 142.375 142.8125 143 143.375 143.6875 144.75 145 145.5 146.1875 146.75 147.8125 148.875 149.4375 149.75 149.875 150.875 151.9375 152.375 153.4375 153.625 153.9375 154.8125 155.3125 156 156.75 157.0625 158 158.1875 158.875 159.0625 159.9375 160.625 161 161.75 162.6875 163.5 163.9375 164 164.6875 165.0625 165.8125 166.125 166.5 167.125 167.1875 168.125 168.875 169.3125 170 170.1875 170.875 171.625 172 172.8125 173.1875 173.75 175.25 176.75 177.875 178 178.8125 179 179.75 180.5 180.4375 180.3125 180.8125 180.75 181.0625 181 181.25 181.625 181.4375 182 182 182 182.1875 182.75 NA NA NA NA NA NA NA NA NA NA NA NA NA NA NA NA NA NA 
NA NA NA NA NA NA NA NA NA NA NA NA NA NA NA NA NA NA NA NA NA 136.9375 138 138.5625 139.875 140.9375 141.6875 141.625 142.1875 142.8125 143 143.125 143.75 143.8125 144.875 145.6875 146.0625 146.4375 146.8125 147.375 148.4375 149 149.5 150.4375 151.0625 151.5625 152.25 153.375 153.75 154.125 154.8125 155.125 155.9375 156.1875 156.9375 157.6875 158.125 159 159.0625 160 160.5 161 161.75 162.4375 162.875 163.5 164.0625 164.4375 165 165.9375 166.5 167 167.5625 167.875 168.1875 168.8125 169.4375 170 170.0625 171 171.9375 172.625 173.25 173.5625 173.9375 175.625 177.875 178 178 178.5625 179 179.25 180 180.75 180.8125 181.125 181.5 181.75 181.25 181.5 182.6875 182 182 182 182 182.25 183 183.5 NA NA NA NA NA NA NA NA NA NA NA NA NA NA NA NA NA 
NA NA NA NA NA NA NA NA NA NA NA NA NA NA NA NA NA NA NA NA NA 138 137.9375 138.6875 139.9375 140.5625 141.25 142.125 141.875 142.375 142.6875 143.75 143.9375 143.875 145.125 145.6875 146.1875 146.5 146.625 147.25 148.3125 149.1875 149.4375 150.5 151.4375 152.0625 152.625 153.5 153.375 153.875 154.125 154.75 155.1875 155.875 156.4375 157.375 158 158.625 159.1875 159.8125 160.4375 161 161.375 162.125 162.625 163.3125 164.0625 164.5625 165 165.75 166.5 167.0625 167.875 168 168.1875 168.875 169.25 170 170.5625 171 171.625 172.9375 173.625 174 174.6875 176 177.75 178.125 178 178.9375 179 179.375 180 180.5625 180.9375 181 181.6875 182.1875 181.4375 181.875 182.1875 181.875 182 182 182.375 182.875 183.0625 183.375 183.5 NA NA NA NA NA NA NA NA NA NA NA NA NA NA NA NA 
NA NA NA NA NA NA NA NA NA NA NA NA NA NA NA NA NA NA NA NA NA 136.4667 138 138 139.6875 140.25 141 142 142.8125 142.6875 143.125 143.5 143.8125 144.5625 145.375 146 146.1875 146.125 146.875 146.875 148.125 149.125 150.25 150.9375 151.6875 152.3125 153.1875 153.75 153.5 154.9375 154.625 154.125 155.125 156.0625 157.1875 157.8125 158.125 159.125 159.1875 159.6875 160.375 161 161.5625 162.0625 162.5 163.1875 163.8125 164.4375 165.0625 166 166.4375 167 167.9375 168 168.875 169.125 169.375 170.25 170.5625 171.1875 171.875 173 173.5625 174.0625 174.9375 176 177.8125 178.1875 178.625 178.6875 179 179.1875 179.625 180 180.625 181.1875 181.875 182.0625 181.9375 182.0625 182.125 182.25 182.375 182 182.5 183 183.1875 183.375 183.25 183.75 NA NA NA NA NA NA NA NA NA NA NA NA NA NA NA 
NA NA NA NA NA NA NA NA NA NA NA NA NA NA NA NA NA NA NA NA 135 136.0625 136.875 136.9375 138.4375 139.625 140.25 141.5625 142.625 142.75 143.5 143.75 144.25 144.75 145.625 146.125 146.8125 146.8125 146.6875 147.5625 147.9375 148.6875 149.5 150.75 151.6875 152.6875 153.6875 154.5 153.875 154.9375 154.625 154.4375 154.875 157.0625 157.5 157.5625 158.1875 159.125 159.875 159.75 160 160.9375 161.4375 162 162.6875 163 163.8125 164.625 165.3125 166 166.6875 167 167.375 168 168.6875 169.3125 169.8125 170.6875 171.5 171.75 171.875 172.75 173.6875 174.1875 174.9375 176.5625 177.8125 178.4375 179.1875 179.25 180.125 180.1875 181.125 181.375 181.875 182.125 181.5 182.1875 182.25 182 182.25 182.5625 182.8125 182.3125 182.9375 183.375 183.8125 184 184.5 184.1875 NA NA NA NA NA NA NA NA NA NA NA NA NA NA NA 
NA NA NA NA NA NA NA NA NA NA NA NA NA 132.5625 133.5625 133.0625 133.0625 132.8889 134 135.25 135.3636 135.375 136.5625 137.875 138.25 139.0625 140.1875 141.125 142.125 143.3125 143.6875 144.5625 144.5625 145.3125 145.6875 146.875 147.125 147.5625 147.25 148 148.625 149.375 149.5 150.625 151.625 152.5625 153.8125 155.0625 155.5 155.9375 155.875 154.8125 155.0625 155.5625 156.4375 158.0625 158.375 159.0625 160.1875 160.9375 160.875 161.5 161.5 162 162.5625 163.4375 163.9375 164.5625 165.0625 166 166.5625 167 167.875 168 169 169.5 170 170.875 171.3125 172 172.0625 173.1875 173.75 174.375 175.0625 176.75 178 178.6875 179.25 179.875 180.4375 181.3125 181.4375 182.0625 182.9375 183 182.8125 182.6875 182.5625 182 182.5 183 183 183 183 183.5625 184.125 184.5625 184.5 184.9375 NA NA NA NA NA NA NA NA NA NA NA NA NA NA NA 
NA NA NA NA NA NA NA NA NA NA NA NA NA 133.375 134.3125 133.8125 134.375 133.3077 134.3571 135 135.5625 135.1875 135.8125 137.25 137.9375 139.5 140.125 141 142.125 142.875 143.6875 144.6875 145.3125 145.9375 146.3125 147.25 147.4375 147 147.8125 148.875 148.875 149.25 149.75 150.375 151.75 153.375 154.1875 154.125 154.875 154.8125 155.6875 156.4375 156.25 155.25 156.25 158.1875 159.3125 160.0625 161 161.9375 162.375 162.875 163.1875 163.1875 163 163.5625 164 164.4375 165 166 166.6875 167.0625 167.875 168.25 169 169.375 170.0625 170.9375 171.5625 172 172.3125 173.25 174.0625 174.625 175.0625 176.9375 178.0625 178.875 179.25 179.9375 180.125 180.9375 181.5625 182 182.1875 182.8125 183.1875 182.9375 182.9375 182.875 182.25 182.1875 182.6875 183 183.125 183.75 183.875 184 184.5625 184.875 NA NA NA NA NA NA NA NA NA NA NA NA NA NA NA 
NA NA NA NA NA NA NA NA NA NA NA NA 133.1818 133.75 133.5 133.0625 133.0625 134.25 134.5 135.8125 136.8125 137.25 136.375 136.25 137.8125 139.125 139.875 140.8125 141.875 142.625 143.5625 143.9375 144.75 145.875 147.125 147.875 147.5625 147.375 148.5 148.5 148.75 149.625 149.8125 151.1875 152.5 153 153.875 154.1875 153.5625 154.375 154.3125 155.1875 156.25 155.5625 156.5 158.25 158.75 159.4375 160.8125 161.625 161.75 162.375 163.1875 163.875 164 164.1875 164.875 165 165.4375 166 166.375 167 167.6875 168.1875 168.9375 169.5625 170.125 171 171.625 172 172.75 173.3125 174 174.5 175.375 176.9375 178.625 179 179.4375 180 180.375 180.9375 181.625 181.75 182.1875 182.5 182.6875 183 182.75 182.6875 182.625 182.875 183.25 183.0625 182.9375 183.125 183.8125 184.0625 184.875 184.8125 185.4286 NA NA NA NA NA NA NA NA NA NA NA NA NA NA 
NA NA NA NA NA NA NA NA NA NA NA NA NA 132.9333 132.9375 133.25 134.8125 135.25 135.8125 136 136.9375 138.125 138.125 137.5 137.0625 138.125 139.625 140.9375 141.9375 143.4375 143.875 144.8125 144.6875 146.0625 147.125 147.8125 148.5 148.375 148.0625 148.6875 149.0625 150.125 150.1875 151.625 153.0625 153.625 153.625 154.1875 154.6875 156.25 155.4375 154.6875 155.9375 155.3125 156.4375 157.5 158.25 159.8125 161.25 163.125 162.5625 163.1875 162.625 163.125 163.9375 164.125 164.4375 165 165.625 166 166.9375 167.4375 168 168 168.875 169.625 170.1875 171 171.375 172.125 172.875 173.875 174 174.8125 175.8125 177.125 178.6875 179.1875 179.9375 180.0625 180.875 181 181.1875 181.25 181.5625 182.25 182.875 183.0625 182.25 182.6875 183.4375 183.875 184.3125 184.0625 183.6875 183.125 183.25 183.9375 184.1875 184.625 185.1875 187 NA NA NA NA NA NA NA NA NA NA NA NA NA 
NA NA NA NA NA NA NA NA NA NA NA NA NA NA NA 134.2727 135 135.4375 136.75 137.8125 137.9375 138.5 137.6875 137.625 137.25 138.6875 140.3125 141.5 142.125 143.125 144 144.875 145.625 145.8125 147.25 148.125 149.1875 149.625 149.375 149.5 149.25 150.0625 150.8125 152.8125 153.625 153.9375 153.625 155.0625 155.9375 156.25 155.75 155.625 155.625 155.875 156.5 156.9375 158.5 159.8125 160.75 162.25 163.25 163.5625 164.0625 163.375 163.3125 164.25 164.625 165 165.625 166 166.75 167.125 167.4375 168 168.9375 169.875 170.25 171.8125 172.1875 172.625 173.25 173.5 174.25 175.0625 175.75 176.9375 178.75 179 180 180.1875 181 181.0625 181.6875 182.25 182.5 182.4375 182.375 182.875 182.375 182.875 183.5 183.75 184.1875 184.0625 184.75 184.625 184.5625 183.5625 184 184.4375 185.4375 185.875 185.9375 NA NA NA NA NA NA NA NA NA NA NA NA 
NA NA NA NA NA NA NA NA NA NA NA NA NA NA NA NA NA 136.6667 137.6875 138.625 139 139.5625 139 137.625 137.5 138.6875 140.125 140.9375 143 144.375 144.6875 144.9375 145.4375 146.3125 147.5625 148.5 149 149.875 150.25 149.5 150.375 150.5625 151.5 152.9375 154.125 154.25 154.5 154.6875 155.875 156.125 156.4375 155.875 156.3125 156.25 156.6875 157.125 158.0625 159.25 160.6875 161.6875 162.625 163.75 164.4375 163.5 163.9375 164.3125 165.125 165.125 165.625 166.25 166.5625 167.125 167.875 168.5 169.4375 170.5 171.25 171.9375 173.5 173.3125 173.3125 173.9375 174.3125 175.0625 175.75 177.125 178.625 179.125 179.625 180.625 181.125 181.75 182.4375 182.9375 183.25 183.0625 182.875 183 182.75 182.8125 183.1875 183.5625 184 184.25 184.5625 184.9375 184.75 184.0625 183.6875 184 184.875 185.3125 186.125 186.4375 187.8125 189.125 NA NA NA NA NA NA NA NA NA 
NA NA NA NA NA NA NA NA NA NA NA NA NA NA NA NA NA NA NA 138.8667 139 139.125 138 137.875 137.9375 138.9375 139.625 141.0625 143.375 144.375 145.3125 145.875 146.0625 146.625 147.6875 148.75 149.4375 150 150.75 150.0625 150.6875 150.875 152.375 153.4375 153.75 154.6875 155.125 155.375 155.875 156.0625 155.5625 155.25 156.1875 156.3125 156.375 157.1875 159.125 159.25 160.625 161.4375 163.3125 164.0625 164.6875 164 164.0625 164.4375 165 165.625 165.625 166.25 166.25 167.375 168.75 169.375 170.0625 170.875 171.625 172.4375 173.0625 174.125 174.375 174.5 174.5625 175.75 176.625 178 179.3125 179.3125 179.6875 181 181.0625 182 182 182.5 182.8125 183.3125 183.1875 183.1875 183.3125 183.1875 183 183.1875 183.8125 184 184 184.4375 184.5 184.5 183.8125 184.5 184.75 185.375 186.3125 187.375 187.625 187.125 188.375 187.7333 NA NA NA NA NA NA NA 
NA NA NA NA NA NA NA NA NA NA NA NA NA NA NA NA NA NA NA NA 139.75 138.625 138.25 138.8125 138.125 138.875 140.4375 141.75 143.125 144.125 144.875 146 146.8125 147.375 147.9375 148.6875 149.5 150.125 151.125 150.75 151.25 152.0625 153.625 154.25 154.5625 154.9375 155.3125 155.6875 156.3125 155.5 155.375 156.3125 156.0625 156.625 156.5625 157.4375 159 160.8125 162.5625 163.9375 163.8125 164.625 164.25 163.6875 164.1875 164.875 165.125 165.125 165.6875 166.125 166.1875 167.25 168.25 169.3125 170.0625 170.25 171.125 171.875 172.8125 173.25 174 174.5 175 175.75 176 177.1875 178.5625 179.125 179.5625 180.5 181.0625 181.5 181.8125 182.3125 182.5 182.5 182.5 182.3125 182.625 182.5 183 183.5625 184.1875 184.625 185.125 184.75 184.0625 184.8125 184.125 184 185.25 185.4375 186.125 186.875 186.875 186.4375 186.625 187.1875 188.0625 189.375 NA NA NA NA NA 
NA NA NA NA NA NA NA NA NA NA NA NA NA NA NA NA NA NA NA NA NA 140 139.3125 139.0625 139.375 139.625 139.875 141.5625 144.125 144.4375 145.5 146.25 147.0625 147.75 148.1875 149 149.5 150 150.75 151.5 151.9375 152.875 152.6875 152.9375 154.6875 155.8125 156.25 156.6875 155.5625 156.375 155.75 156.125 156.625 156.6875 157.1875 158.25 159.1875 160.9375 163.5625 164.75 165.25 163.5625 163.875 164.5 164.5 164.625 164.75 164.9375 165.9375 165.9375 166.8125 167.125 168 169.5625 170.125 170.75 171.6875 172 172.875 173.0625 173.8125 174.4375 175.3125 176 176.25 176.875 177.25 178 178.25 178.9375 179.9375 180 180.25 180.875 180.875 180.875 180.6875 181.1875 182.75 182.6875 182.5 182.125 183.0625 184.0625 184.375 184.75 184.0625 184.0625 184.375 184.375 184.625 185.3125 186 186.125 186.3125 187.125 188.125 188.9375 188.875 189.25 189.7778 NA NA NA NA 
NA NA NA NA NA NA NA NA NA NA NA NA NA NA NA NA NA NA NA NA NA 141 140.75 140 140.625 141.25 140.6875 141.75 143.8125 145.6875 146.5625 146.125 147.0625 148.0625 148.3125 149 149.6875 150 150.875 151.0625 151.875 152.6875 152.5 152.9375 153.6875 155.375 155.75 155.1875 155 156.1875 156.0625 156 156.4375 156.6875 157.5625 158.375 159.3125 160.5 162.625 164.3571 164.8571 163.25 163.6875 164.0625 164.1875 164.75 165.3125 165.875 166.125 167.1875 167.5 167.5625 168.6875 169.5 170.1875 171 171.1875 172 172.6875 173.0625 173.9375 174.0625 175 175.6875 176.0625 176.75 177.0625 177.9375 178.1875 178.875 179.5 180 180.1875 180.3125 180.4375 180.3125 181 180.6875 182.875 183.0625 183.3125 182.875 182.5625 183 183.375 183.75 183.6875 183.6875 184 184.125 184.8125 184.9375 184.875 185.9375 185.625 186.5625 186.6875 188.375 188 188.8125 187.8667 NA NA NA NA 
NA NA NA NA NA NA NA NA NA NA NA NA NA NA NA NA NA NA NA NA NA NA NA 141.3636 141.0625 140.3125 141.1875 141.75 143.0625 144.75 146.1875 147 147.75 148.25 149 149.0625 149.8125 150.4375 150.875 151.6875 152.375 153 153 152.3125 153.5 154.25 154.125 154.3125 155 155.8125 156.0625 156.0625 156.125 157.0625 158 158.125 158.8667 NA NA NA NA 163.5 163.1875 163.9375 164.25 164.5 165.125 165.5 166.375 167.25 167.3125 167.75 168.375 169.375 170 170.6875 171 171.875 172.1875 173 173.375 173.75 174.5 174.9375 175.875 176.5 177 177.875 178.0625 178.9375 179 179.0625 179.8125 180.375 181 180.125 180.25 181.0625 182.3125 182.875 182.9375 183 183.0625 182.125 182.75 182.75 182.6875 183.0625 183.375 183.3125 184.375 184.75 185.0625 186.0625 185.9375 185.5625 185.875 186.25 187.8125 188.0625 187.75 187.8667 NA NA NA 
NA NA NA NA NA NA NA NA NA NA NA NA NA NA NA NA NA NA NA NA NA NA NA NA 141.7778 141.25 141.25 142.4375 142.6875 144.6875 145.5625 146.9375 147.9375 148.75 149.4375 149.5 150 150.4375 151.1875 151.875 152.625 153 153.4375 153.0625 153.125 154.1875 155.0625 154.8125 154.9375 155.5 156.25 156.1875 156.4375 157.1538 158.25 158.5 NA NA NA NA NA 162.875 163.4 163.5 165 165.3125 165.25 166.0625 165.375 165.8125 166.75 167.75 168.4375 169.3125 170 170.4375 170.6875 171.375 172.0625 172.8125 173.1875 173.8125 174 174.875 175.0625 175.9375 176.8125 177.3125 178 178.3125 179 179.1875 179.6875 180.375 180.125 180.375 180.4375 180.9375 183 183.375 182.6875 182.375 183.5625 182.4375 182.25 182.5625 182.875 183.1875 183.6875 184.0625 184 184.5625 185 185.5625 185.8125 186.3125 186.1875 185.875 186.75 187.25 187.5 188 188.5625 188 NA 
NA NA NA NA NA NA NA NA NA NA NA NA NA NA NA NA NA NA NA NA NA NA NA NA NA NA 142.6364 142.3333 142.8571 144.1875 145.1875 146.5 148.125 149.125 149.75 150.125 150.75 151.125 151.0625 152 152.5625 153.125 153.75 154.125 154.25 153.5625 153.75 153.9375 154.9375 155.8125 156.125 156.1875 157.0625 157.9375 NA NA NA NA NA NA NA 162.7 163.7333 163.9375 164.875 165.4375 165.3125 166.4375 165.9375 167 166.625 167.1875 167.9375 169.1875 169.8125 170.0625 170.3125 171.625 172.25 172.25 173.375 174.25 174.25 174.625 175.6875 175.6875 176.375 177 177.8125 178 178.6875 179 179.0625 179.875 180 180.375 180.3125 180.4375 182.125 182.5625 184.3125 184.5 184.375 184.4375 182.25 183.1875 184 184.1875 184.4375 184.25 184.75 185.3125 185.0625 185.125 185.5625 186.3125 186.5625 186.125 185.8125 186.625 187.0625 187.375 187.9375 187 187.6875 
NA NA NA NA NA NA NA NA NA NA NA NA NA NA NA NA NA NA NA NA NA NA NA NA NA NA NA NA NA 144.5 145.9375 147.625 148 149.1875 150 150.625 151 151.625 151.875 152.375 152.875 153 153.4375 153.9375 154.75 155.125 154.8125 154.5 154.125 155.1875 155.9375 156.4375 157.125 158.1875 159.0625 NA NA NA NA NA NA NA NA 164.8889 165.2667 165.6667 165.8667 166.0625 166.9286 167.5625 167.3125 167.5 167.5625 168.375 168.875 169.75 170.4375 171.5 172.0625 172.3125 173.0625 173.9375 174.875 175.125 176 176.0625 176.1875 177 177.3125 178 178.25 178.875 179 179.0625 179.8125 180.5 180.875 180.8125 182 182.125 182.375 184.75 185.8125 185.8125 183.9375 182.75 183.8125 184.4375 184.0625 184 184.5 185 185.3125 185.875 185.5 185.25 186.0625 186.5625 186.6875 186.4375 186.4375 186.5625 187.125 186.5625 187.0625 
NA NA NA NA NA NA NA NA NA NA NA NA NA NA NA NA NA NA NA NA NA NA NA NA NA NA NA NA NA NA 146.1111 147.8 147.9286 148.9333 150.1818 150.9375 151 151.6875 152.1875 152.9375 153.125 153.375 153.3125 154 154.6875 155.0625 155.0625 154.4375 155.1875 155.3125 156 156.75 157.0625 158.0625 159.25 159.8125 NA NA NA NA NA NA NA NA NA NA NA NA NA 168.125 167.4375 167.375 167.75 168.5 168.875 170.0625 170.5 170.8125 171.9375 172.6875 173 173.9375 174 174.5 175.1875 176 176 176.875 177.1875 177.5 177.875 178.5 178.875 179 179.1875 179.875 180.3125 180.875 182.625 182.125 182.25 182.25 183.4375 184.9375 184.4375 183.1875 183.5 183.8125 184.125 184.5625 184.9375 185 185.25 185.0625 185.5625 185.625 185.25 186 186 185.9375 186.0625 186.6875 186.8125 186 186.4545 
NA NA NA NA NA NA NA NA NA NA NA NA NA NA NA NA NA NA NA NA NA NA NA NA NA NA NA NA NA NA NA NA NA NA NA 151 151 151.875 152.3125 153 153.5625 153.875 154.0625 154.375 154.875 155.0625 155.0625 155.125 155.5625 155.5625 156.4375 157.125 158 158.8125 159.8125 160.3636 NA NA NA NA NA NA NA NA NA NA NA NA NA NA 167.5 167.625 167.875 168.75 169.0625 169.75 170.9375 171.6875 171.5 172.0625 172.75 173.125 173.9375 174.1875 175 175.4375 176 176.3125 176.9375 177 178 178.0625 178.5 178.9375 179 179.5625 180 180 182.1875 182.9375 182.4375 182 182.5 183 183.3125 183.75 183.25 183.1875 183.75 184.3125 184.75 185.0625 185.0625 185.125 185 185 185.3125 185.875 186.25 186 186 186 186.2667 NA NA 
NA NA NA NA NA NA NA NA NA NA NA NA NA NA NA NA NA NA NA NA NA NA NA NA NA NA NA NA NA NA NA NA NA NA NA NA 151.6923 151.9375 152.5 152.9375 153.5 154 153.6875 154.3125 154.9375 155.5 155.4375 155.25 155.6875 155.75 156.8125 157.4375 158.375 159.25 160.1875 160.5 NA NA NA NA NA NA NA NA NA NA NA NA NA NA 168 168.375 168.5 169 169.4375 169.75 170.4375 171.125 172.0625 173 172.875 173 173.125 173.9375 174.375 175 175.375 176 176.125 176.9375 177.6875 178 178.0625 178.625 179 179.125 179.625 180 182 182.5 182.8125 182.0625 182.0625 182.4375 182.5 182.625 182.875 183 183.3125 183.625 185 185.8125 185.25 185.375 185.0625 185.0625 185 185.25 185.5625 185.75 185.5625 186 NA NA NA 
NA NA NA NA NA NA NA NA NA NA NA NA NA NA NA NA NA NA NA NA NA NA NA NA NA NA NA NA NA NA NA NA NA NA NA NA NA 152.7143 153.125 153 153.6875 154 154.125 154.375 154.8125 154.9375 155.625 156 156.125 156.75 157.375 158 158.9286 159.5 NA NA NA NA NA NA NA NA NA NA NA NA NA NA NA NA NA NA NA 169.4375 169.0625 169.6875 170.5 171.5 172.0625 173.0625 173.8125 173.4375 173.375 174 174.6875 175 175 175.6875 176 176.75 177 177.875 178 178.4375 179 179 179 179.625 181.5 181.625 182.0625 181.8125 182.0625 181.8125 182 182.125 182.5625 183.125 183.25 183.8125 184.75 185.875 185.8125 184.8125 184.5 184.9375 185.0625 184.4375 184.375 184.1875 184.5 NA NA NA NA 
NA NA NA NA NA NA NA NA NA NA NA NA NA NA NA NA NA NA NA NA NA NA NA NA NA NA NA NA NA NA NA NA NA NA NA NA NA NA 153.75 153.375 NA 153.3125 153.875 154.25 154.9375 155.125 155.5625 156.75 155.875 156.1875 156.8667 157.9 NA NA NA NA NA NA NA NA NA NA NA NA NA NA NA NA NA NA NA NA NA 169.1875 169.3125 169.5 170.1875 171.1875 172.375 172.9375 172.8125 173.5 173.1875 174 174.125 174.875 175 175.5625 176.0625 176.75 177 177.375 177.9375 178 178.3125 178.9375 179 179 181 181.125 181.125 181.3125 181.375 181.625 182.1875 182.5625 183.125 183.5 183.1875 183.0625 183.75 185.25 185.125 185.3125 184.375 184.5 185.5 185.375 184.8125 NA NA NA NA NA NA 
NA NA NA NA NA NA NA NA NA NA NA NA NA NA NA NA NA NA NA NA NA NA NA NA NA NA NA NA NA NA NA NA NA NA NA NA NA NA NA NA NA NA NA 154.6667 154.875 155.4375 155.625 156.375 156.6875 157.5 NA NA NA NA NA NA NA NA NA NA NA NA NA NA NA NA NA NA NA NA NA NA NA 169.5625 169.625 170.5625 170.9375 171.0625 172.0625 172.5 172.25 173 173.3125 173.8125 174 174.75 175 175.625 175.9375 176.25 176.875 177 177.375 177.9375 178 178.1875 178.875 179 181 181.125 181.5625 181.625 181.9375 182.25 181.5625 182.25 182.125 182.9375 183.8125 183.75 184.5625 184.9375 185.125 184.625 184.5 184.5625 185.25 185.3125 185 NA NA NA NA NA NA 
NA NA NA NA NA NA NA NA NA NA NA NA NA NA NA NA NA NA NA NA NA NA NA NA NA NA NA NA NA NA NA NA NA NA NA NA NA NA NA NA NA NA NA NA NA NA 155.875 156.875 156.75 158.125 159 NA NA NA NA NA NA NA NA NA NA NA NA NA NA NA NA NA NA NA NA NA NA NA 170.6364 171.5385 171.625 171.4375 172.125 172.75 172.75 173.0625 173.4375 174.1875 174.4375 174.5625 174.875 175 175.8125 176.1875 176.9375 177 177.1875 177.875 178.0625 178.4375 178.5 178.875 179.9375 180.375 180.25 181.375 182.25 182.875 182.125 181.3125 181.875 182.5 182.375 182.8125 184.875 185.3125 185.3125 185.25 184.75 184.75 185.8125 185 NA NA NA NA NA NA NA 
NA NA NA NA NA NA NA NA NA NA NA NA NA NA NA NA NA NA NA NA NA NA NA NA NA NA NA NA NA NA NA NA NA NA NA NA NA NA NA NA NA NA NA NA NA NA 156.5 157.4375 158.1875 158.625 159.4 NA NA NA NA NA NA NA NA NA NA NA NA NA NA NA NA NA NA NA NA NA NA NA NA NA 172 172.2222 172.5833 172.125 172.8125 173.0625 173.1875 173.6875 174.125 174.5 174.9375 175.1875 175.5 176 176.3125 176.625 176.75 177.0625 177.625 178 178.375 178.125 178.6875 179 179.9375 180.625 182.125 182.0625 181.375 181.8125 182.3125 182 182.6875 182.8125 184.25 NA 185.8889 NA NA NA NA NA NA NA NA NA NA NA NA 
NA NA NA NA NA NA NA NA NA NA NA NA NA NA NA NA NA NA NA NA NA NA NA NA NA NA NA NA NA NA NA NA NA NA NA NA NA NA NA NA NA NA NA NA NA NA 158.1 NA 159 NA NA NA NA NA NA NA NA NA NA NA NA NA NA NA NA NA NA NA NA NA NA NA NA NA NA NA NA NA 172.6667 172.3125 173 173 173 173.3125 174.125 174.8125 174.875 175.0625 175.25 175.875 175.875 176 176.875 177.5 177.5625 178 178.5625 178.3125 178.5 178.0625 179.0625 180.75 181.1875 182.0625 182 183.3125 183.0625 182.8125 183.125 183 NA NA NA NA NA NA NA NA NA NA NA NA NA NA NA 
NA NA NA NA NA NA NA NA NA NA NA NA NA NA NA NA NA NA NA NA NA NA NA NA NA NA NA NA NA NA NA NA NA NA NA NA NA NA NA NA NA NA NA NA NA NA NA NA NA NA NA NA NA NA NA NA NA NA NA NA NA NA NA NA NA NA NA NA NA NA NA NA NA NA NA NA NA NA 171.8 171.9375 172.4375 172.9375 173 173.5625 174.1875 174.5 174.5 174.8125 174.9375 175.1875 175.6875 176.5 177.375 177.8125 178.0625 178.0625 178.5 177.8125 177.3125 178.125 179.4375 180.5 181.5625 182.5625 182.25 183.125 183.875 182.625 182.6154 NA NA NA NA NA NA NA NA NA NA NA NA NA NA NA NA 
NA NA NA NA NA NA NA NA NA NA NA NA NA NA NA NA NA NA NA NA NA NA NA NA NA NA NA NA NA NA NA NA NA NA NA NA NA NA NA NA NA NA NA NA NA NA NA NA NA NA NA NA NA NA NA NA NA NA NA NA NA NA NA NA NA NA NA NA NA NA NA NA NA NA NA NA NA NA 171.625 171.875 172.3125 172.375 172.9375 173.1875 173.8125 174.375 174.3125 174.625 174.625 175.1875 175.5 176.8125 177.75 178.25 178.5625 177.5 177.4375 177.1875 177.375 178.5625 179.9375 180.75 181.625 182.75 182.75 183.1875 183.125 182.125 182.1875 NA NA NA NA NA NA NA NA NA NA NA NA NA NA NA NA 
NA NA NA NA NA NA NA NA NA NA NA NA NA NA NA NA NA NA NA NA NA NA NA NA NA NA NA NA NA NA NA NA NA NA NA NA NA NA NA NA NA NA NA NA NA NA NA NA NA NA NA NA NA NA NA NA NA NA NA NA NA NA NA NA NA NA NA NA NA NA NA NA NA NA NA NA NA NA NA NA 172.3 172.6 173.5 173.4375 173.8125 173.8125 174.6875 174.75 175.3125 175.1875 175.375 176.1875 176.875 177.75 177.9375 177.5 177.125 177.1875 178.0625 178.6875 179.375 180.25 180.625 182.3125 182.9375 182.375 182.9375 182.125 182.5 182.625 NA NA NA NA NA NA NA NA NA NA NA NA NA NA NA 
NA NA NA NA NA NA NA NA NA NA NA NA NA NA NA NA NA NA NA NA NA NA NA NA NA NA NA NA NA NA NA NA NA NA NA NA NA NA NA NA NA NA NA NA NA NA NA NA NA NA NA NA NA NA NA NA NA NA NA NA NA NA NA NA NA NA NA NA NA NA NA NA NA NA NA NA NA NA NA NA NA NA NA 174 174 173.6875 174.25 174.8667 175.5 175.8125 175.125 175.9375 176.5625 177 176.9375 177.0625 177 177.125 178 178 178.4375 179.3125 180.125 181.3125 182.0625 182.1875 183 182.875 183.0625 183 NA NA NA NA NA NA NA NA NA NA NA NA NA NA NA 
NA NA NA NA NA NA NA NA NA NA NA NA NA NA NA NA NA NA NA NA NA NA NA NA NA NA NA NA NA NA NA NA NA NA NA NA NA NA NA NA NA NA NA NA NA NA NA NA NA NA NA NA NA NA NA NA NA NA NA NA NA NA NA NA NA NA NA NA NA NA NA NA NA NA NA NA NA NA NA NA NA NA NA NA NA 174.3333 NA NA NA 175.1875 175.1875 175.625 176.0625 176.6875 176.875 176.875 177 177.0625 178 178 178.0625 178.9375 179.9375 180.4375 181.4375 182.125 182.9375 183.375 183.875 184 NA NA NA NA NA NA NA NA NA NA NA NA NA NA NA 
NA NA NA NA NA NA NA NA NA NA NA NA NA NA NA NA NA NA NA NA NA NA NA NA NA NA NA NA NA NA NA NA NA NA NA NA NA NA NA NA NA NA NA NA NA NA NA NA NA NA NA NA NA NA NA NA NA NA NA NA NA NA NA NA NA NA NA NA NA NA NA NA NA NA NA NA NA NA NA NA NA NA NA NA NA NA NA NA NA 176 176 175.4375 176.375 176.4375 176.1875 176.25 176.4375 177 177.375 178.1875 179.25 179.75 181.0625 182.0625 181.1875 182.6875 182.6875 182.8125 183.1875 NA NA NA NA NA NA NA NA NA NA NA NA NA NA NA NA 
NA NA NA NA NA NA NA NA NA NA NA NA NA NA NA NA NA NA NA NA NA NA NA NA NA NA NA NA NA NA NA NA NA NA NA NA NA NA NA NA NA NA NA NA NA NA NA NA NA NA NA NA NA NA NA NA NA NA NA NA NA NA NA NA NA NA NA NA NA NA NA NA NA NA NA NA NA NA NA NA NA NA NA NA NA NA NA NA 174.7333 175.0625 176 175.75 176.25 175.3125 175.625 175.5 175.875 176.9375 177.8125 178.875 179.375 180.3125 180.625 181.8125 182.3125 182.4375 182.75 182.6875 183 NA NA NA NA NA NA NA NA NA NA NA NA NA NA NA NA 
NA NA NA NA NA NA NA NA NA NA NA NA NA NA NA NA NA NA NA NA NA NA NA NA NA NA NA NA NA NA NA NA NA NA NA NA NA NA NA NA NA NA NA NA NA NA NA NA NA NA NA NA NA NA NA NA NA NA NA NA NA NA NA NA NA NA NA NA NA NA NA NA NA NA NA NA NA NA NA NA NA NA NA NA NA NA NA NA 173.875 175.25 175.125 174.875 174.6875 174.75 175 175.3125 176 176.5625 177.25 179 179.8125 180.0625 181.25 182 181.6875 181.375 181.6875 181.8125 182.6923 NA NA NA NA NA NA NA NA NA NA NA NA NA NA NA NA 
NA NA NA NA NA NA NA NA NA NA NA NA NA NA NA NA NA NA NA NA NA NA NA NA NA NA NA NA NA NA NA NA NA NA NA NA NA NA NA NA NA NA NA NA NA NA NA NA NA NA NA NA NA NA NA NA NA NA NA NA NA NA NA NA NA NA NA NA NA NA NA NA NA NA NA NA NA NA NA NA NA NA NA NA NA NA NA 173.0769 173.6875 173.8125 173.5 174 174.1875 174.9375 175.0625 175.5 176 177.1875 177.625 178.625 179.625 180.4375 181.4375 181.3125 182 181.625 181.1875 181 181.3125 181.6 NA NA NA NA NA NA NA NA NA NA NA NA NA NA NA 
NA NA NA NA NA NA NA NA NA NA NA NA NA NA NA NA NA NA NA NA NA NA NA NA NA NA NA NA NA NA NA NA NA NA NA NA NA NA NA NA NA NA NA NA NA NA NA NA NA NA NA NA NA NA NA NA NA NA NA NA NA NA NA NA NA NA NA NA NA NA NA NA NA NA NA NA NA NA NA NA NA NA NA NA NA NA 172.9091 172.875 172.9375 173.1875 173.75 174.125 174.5 175 175.125 175.8125 176.25 176.5 177.25 178.1875 179.375 180.1875 181.1875 180.875 181.0625 180.5625 181.5 181.125 180.625 180.75 181.9375 183.25 NA NA NA NA NA NA NA NA NA NA NA NA NA 
NA NA NA NA NA NA NA NA NA NA NA NA NA NA NA NA NA NA NA NA NA NA NA NA NA NA NA NA NA NA NA NA NA NA NA NA NA NA NA NA NA NA NA NA NA NA NA NA NA NA NA NA NA NA NA NA NA NA NA NA NA NA NA NA NA NA NA NA NA NA NA NA NA NA NA NA NA NA NA NA NA NA NA NA NA 172 172.3125 172.8125 173.0625 174 174 174.25 174.9375 175 175.5625 176.125 177.5 178.25 178.625 178.625 179.0625 180.1875 181.3125 181.4375 181.5625 181.3125 181.1875 181.4375 181.25 180.4375 180.75 181.8 NA NA NA NA NA NA NA NA NA NA NA NA NA 
NA NA NA NA NA NA NA NA NA NA NA NA NA NA NA NA NA NA NA NA NA NA NA NA NA NA NA NA NA NA NA NA NA NA NA NA NA NA NA NA NA NA NA NA NA NA NA NA NA NA NA NA NA NA NA NA NA NA NA NA NA NA NA NA NA NA NA NA NA NA NA NA NA NA NA NA NA NA NA NA NA NA NA NA 172 172 172 172.75 173 173.3125 173.9375 174 174.625 175.1875 175.6875 176.3125 177.625 178 179.5 179.6875 180.4375 180.75 180.6875 181.375 181.8125 181.1875 181.875 182 180.8125 180.6875 180.9375 181.3636 NA NA NA NA NA NA NA NA NA NA NA NA NA 
NA NA NA NA NA NA NA NA NA NA NA NA NA NA NA NA NA NA NA NA NA NA NA NA NA NA NA NA NA NA NA NA NA NA NA NA NA NA NA NA NA NA NA NA NA NA NA NA NA NA NA NA NA NA NA NA NA NA NA NA NA NA NA NA NA NA NA NA NA NA NA NA NA NA NA NA NA NA NA NA NA NA NA NA NA 172 172 172.875 173 173.125 173.8125 174 174.625 175.1875 175.9375 176.125 176.5625 177.5 178.625 178.9375 179.625 180.0625 180.375 180.875 181.5625 182 182.0625 181.8125 181.0625 180.4375 180.9286 NA NA NA NA NA NA NA NA NA NA NA NA NA NA 
NA NA NA NA NA NA NA NA NA NA NA NA NA NA NA NA NA NA NA NA NA NA NA NA NA NA NA NA NA NA NA NA NA NA NA NA NA NA NA NA NA NA NA NA NA NA NA NA NA NA NA NA NA NA NA NA NA NA NA NA NA NA NA NA NA NA NA NA NA NA NA NA NA NA NA NA NA NA NA NA NA NA NA 171.3 171.9286 171.8125 172 173 173 173.9375 173.9375 174 174.375 175 175 175.5625 176.1875 176.375 177.25 178.5625 179.6875 180.5625 180.8125 180.6429 181.5833 181.875 181.5 180.9375 180.6875 181.3 NA NA NA NA NA NA NA NA NA NA NA NA NA NA NA 
NA NA NA NA NA NA NA NA NA NA NA NA NA NA NA NA NA NA NA NA NA NA NA NA NA NA NA NA NA NA NA NA NA NA NA NA NA NA NA NA NA NA NA NA NA NA NA NA NA NA NA NA NA NA NA NA NA NA NA NA NA NA NA NA NA NA NA NA NA NA NA NA NA NA NA NA NA NA NA NA NA 171 171.0625 171.4375 171.25 171.75 172.125 173 173 173.6875 173.5625 174.1875 174.375 174.75 175.8333 176.75 177.1875 177.0625 177.1875 178.1875 179.5625 180.4 180.875 NA NA 181.0667 180.875 180.7857 181 NA NA NA NA NA NA NA NA NA NA NA NA NA NA NA NA 
NA NA NA NA NA NA NA NA NA NA NA NA NA NA NA NA NA NA NA NA NA NA NA NA NA NA NA NA NA NA NA NA NA NA NA NA NA NA NA NA NA NA NA NA NA NA NA NA NA NA NA NA NA NA NA NA NA NA NA NA NA NA NA NA NA NA NA NA NA NA NA NA NA NA NA NA NA NA NA NA NA NA 171 171.4375 171 171.4375 172.0625 172.625 173 173.5333 NA NA 174 NA NA NA 177.2727 177.5455 177.1111 NA NA NA NA NA NA NA NA NA NA NA NA NA NA NA NA NA NA NA NA NA NA NA NA NA NA 
NA NA NA NA NA NA NA NA NA NA NA NA NA NA NA NA NA NA NA NA NA NA NA NA NA NA NA NA NA NA NA NA NA NA NA NA NA NA NA NA NA NA NA NA NA NA NA NA NA NA NA NA NA NA NA NA NA NA NA NA NA NA NA NA NA NA NA NA NA NA NA NA NA NA NA NA NA NA NA NA NA NA NA 171.0667 171.1875 171.25 172 172.3333 173 NA NA NA NA NA NA NA NA NA NA NA NA NA NA NA NA NA NA NA NA NA NA NA NA NA NA NA NA NA NA NA NA NA NA NA NA 
